28
1.01 0 0
2.01 0 0
3.02 0 0
4.02 1 216726
5.20 1 219257
6.21 0 0
7.21 1 218324
8.38 1 217725
9.38 0 0
10.39 1 220343
11.39 1 219491
12.39 0 0
13.40 1 222317
14.40 1 221445
15.41 0 0
16.59 1 220981
17.59 1 223205
18.60 0 0
19.60 1 221709
20.61 0 0
21.89 1 224670
22.89 1 223745
23.89 0 0
25.14 1 222993
26.15 1 225611
27.15 0 0
28.34 1 222244
29.34 1 225043
30.35 1 224095
31.35 0 0
32.36 1 223644
33.57 1 226088
34.57 0 0
35.57 1 221342
36.58 1 224384
37.58 0 0
38.69 1 223661
39.70 1 223040
40.77 1 225378
41.77 0 0
42.78 1 221159
43.78 1 224110
44.79 0 0
45.79 1 223085
46.79 1 222576
47.80 1 225195
48.80 0 0
49.81 1 223386
50.81 1 226202
51.82 0 0
53.03 1 225051
54.04 1 224746
55.05 1 227022
56.05 0 0
57.06 1 220815
58.12 1 223511
59.13 0 0
60.13 1 222483
61.23 1 222322
62.23 1 224480
63.24 1 223906
64.24 1 226632
65.25 0 0
66.25 1 225680
67.26 1 225172
68.26 0 0
69.26 1 227745
70.27 1 223456
71.27 1 226025
72.28 1 224926
73.28 0 0
74.28 1 224627
75.29 1 226873
75.29 0 0
