23
1.01 0 0
2.02 0 0
3.02 1 219959
4.02 0 0
5.03 1 219080
6.07 0 0
7.08 1 218836
8.08 1 220552
9.09 0 0
10.09 1 221134
11.11 0 0
12.11 1 223000
13.34 1 222042
14.35 0 0
15.54 1 222085
16.55 1 223588
17.55 0 0
18.61 1 224425
19.62 1 225473
20.62 0 0
21.63 1 224233
22.63 1 224430
23.63 0 0
24.67 1 226087
25.68 1 226641
26.68 0 0
27.72 1 225891
28.72 1 225178
29.73 0 0
30.73 1 224691
31.74 1 226487
32.88 0 0
33.88 1 227341
34.89 1 225100
35.89 1 224104
36.90 0 0
37.90 1 224287
38.90 0 0
39.91 1 225758
40.93 1 226590
41.93 1 224873
42.93 0 0
43.94 1 224144
44.94 1 223806
45.95 1 225443
46.95 0 0
47.95 1 226237
48.96 1 226865
49.96 1 226036
50.97 0 0
51.98 1 225687
52.99 1 227403
53.99 1 228173
55.00 0 0
56.01 1 224291
57.01 1 223150
58.02 0 0
59.02 1 223289
60.02 1 224914
61.03 1 225683
62.03 1 227481
63.04 0 0
64.04 1 226622
65.04 1 226407
66.33 1 228134
67.34 0 0
68.34 1 228969
69.41 1 226794
70.42 1 225942
71.42 1 225600
72.42 0 0
73.43 1 227305
74.43 1 228200
74.43 0 0
