26
1.01 0 0
2.01 0 0
3.02 0 0
4.02 1 215718
5.18 0 0
6.18 1 218282
7.18 1 217353
8.19 0 0
9.20 1 216761
10.20 0 0
11.24 1 219335
12.44 1 218483
13.45 0 0
14.45 1 221330
15.45 1 220474
16.46 0 0
17.64 1 219971
18.67 1 222197
19.75 0 0
20.75 1 220743
21.76 0 0
22.76 1 223704
23.96 1 222770
24.99 0 0
25.99 1 222029
26.99 1 224645
28.00 1 221234
29.06 0 0
30.07 1 224077
31.07 1 223124
32.08 0 0
33.08 1 222657
34.08 1 225124
35.17 0 0
36.18 1 220378
37.18 1 223413
38.18 1 222650
39.19 0 0
40.23 1 222030
41.24 1 224367
42.24 0 0
43.25 1 220195
44.26 1 223135
45.27 0 0
46.27 1 222074
47.39 1 221610
48.40 1 224184
49.40 0 0
50.41 1 222422
51.44 1 225191
52.44 0 0
53.45 1 224080
54.46 1 223738
55.50 1 226012
56.51 0 0
57.89 1 219807
58.90 1 222536
59.90 1 221519
60.90 0 0
61.91 1 221311
62.94 1 223470
63.95 0 0
64.95 1 222919
65.96 1 225645
66.96 1 224709
67.96 1 224161
68.97 0 0
69.97 1 226758
70.98 1 222445
71.98 1 225059
72.98 1 223939
73.99 1 223656
74.99 0 0
76.00 1 225902
76.00 0 0
