29
1.00 0 0
2.01 0 0
3.02 1 217046
4.04 0 0
5.10 0 0
6.10 1 219584
7.11 1 218659
8.11 0 0
9.12 1 218067
10.13 0 0
11.13 1 220663
12.24 1 219811
13.24 0 0
14.24 1 222659
15.24 1 221780
16.25 0 0
17.25 1 221308
18.44 1 223525
19.44 0 0
20.61 1 222060
21.62 1 225021
22.62 0 0
23.62 1 224072
24.85 1 223335
25.86 1 225962
26.86 0 0
27.88 1 222571
28.89 1 225394
29.90 0 0
30.90 1 224430
31.91 1 223986
32.92 0 0
33.93 1 226430
34.94 1 221684
35.95 0 0
36.96 1 224719
37.97 1 223971
38.97 0 0
39.98 1 223367
40.99 1 225688
42.00 1 221501
43.00 0 0
44.01 1 224437
45.02 1 223395
46.02 0 0
47.12 1 222927
48.12 1 225505
49.13 1 223728
50.13 0 0
51.14 1 226512
52.14 1 225386
53.61 0 0
54.61 1 225066
55.62 1 227349
56.62 1 221135
57.73 1 223838
58.74 0 0
60.07 1 222825
61.07 1 222632
62.07 1 224807
63.19 1 224248
64.20 0 0
65.20 1 226974
66.20 1 226015
67.21 0 0
68.21 1 225482
69.31 1 228087
70.31 1 223766
71.32 1 226376
72.32 1 225268
73.32 1 224962
74.33 0 0
75.33 1 227208
75.33 0 0
