21
1.00 0 0
2.01 0 0
3.10 0 0
4.11 1 215522
5.14 1 218076
6.15 0 0
7.15 1 217161
8.16 1 216574
9.17 0 0
10.22 1 219139
11.25 1 218287
12.25 0 0
13.30 1 221145
14.34 1 220282
15.38 0 0
16.38 1 219800
17.39 0 0
18.39 1 222001
19.56 1 220552
20.56 1 223513
21.57 0 0
22.57 1 222564
23.58 0 0
24.58 1 221842
25.59 1 224454
26.59 1 221063
27.60 0 0
28.60 1 223886
29.60 1 222932
30.61 0 0
31.61 1 222472
32.70 1 224937
33.70 1 220191
34.70 0 0
35.71 1 223221
36.71 1 222443
37.72 0 0
38.72 1 221859
39.72 1 224160
40.73 1 220008
41.73 0 0
42.74 1 222929
43.74 1 221867
44.74 0 0
45.82 1 221419
46.83 1 223977
47.84 0 0
48.84 1 222235
50.20 1 224984
51.21 1 223888
52.31 1 223542
53.31 1 225841
54.32 0 0
55.32 1 219611
56.33 1 222330
57.33 0 0
58.33 1 221332
59.34 1 221104
60.34 0 0
61.35 1 223299
62.41 1 222734
63.41 1 225460
64.42 0 0
65.42 1 224517
66.43 1 223954
67.43 1 226573
68.55 0 0
69.55 1 222238
70.55 1 224868
71.56 1 223754
72.56 1 223464
73.57 1 225710
73.57 0 0
