24
1.01 0 0
2.02 0 0
3.02 1 216956
4.02 0 0
5.19 1 219501
6.21 0 0
7.21 1 218580
8.22 0 0
9.33 1 217986
10.41 1 220573
11.41 0 0
12.41 1 219721
13.64 1 222567
14.64 1 221701
15.65 0 0
16.65 1 221231
17.66 1 223435
18.66 0 0
19.77 1 222002
20.78 1 224963
21.89 0 0
22.89 1 223989
23.90 0 0
24.91 1 223254
25.92 1 225904
26.92 0 0
27.96 1 222494
29.00 1 225336
30.01 0 0
31.01 1 224351
32.02 1 223894
33.02 0 0
34.03 1 226349
35.03 1 221603
36.10 1 224640
37.11 0 0
38.11 1 223898
39.12 1 223290
40.12 0 0
41.12 1 225615
42.13 1 221420
43.13 1 224354
44.33 0 0
45.33 1 223322
46.34 1 222869
47.34 1 225432
48.34 0 0
49.35 1 223647
50.35 1 226439
51.36 0 0
52.36 1 225307
53.36 1 224976
54.37 0 0
55.37 1 227272
56.41 1 221045
57.41 0 0
58.42 1 223755
59.42 1 222744
60.42 1 222559
61.43 0 0
62.43 1 224730
63.44 1 224156
64.44 1 226882
65.44 0 0
66.45 1 225936
67.46 1 225409
68.46 0 0
69.46 1 227995
70.47 1 223693
71.56 1 226318
72.57 1 225176
73.57 1 224883
74.58 0 0
75.58 1 227129
75.58 0 0
