16
1.00 0 0
2.01 0 0
3.04 1 216913
4.04 0 0
5.05 0 0
6.06 1 219463
7.06 1 218546
8.07 0 0
9.09 1 217942
10.09 1 220530
11.10 0 0
12.10 1 219678
13.11 1 222510
14.11 0 0
15.30 1 221667
16.30 0 0
17.30 1 221159
18.35 1 223392
19.35 1 221929
20.36 0 0
21.71 1 224890
22.73 1 223951
23.73 0 0
24.99 1 223210
26.00 1 225831
27.00 0 0
28.01 1 222422
29.10 1 225263
30.10 0 0
31.11 1 224317
32.11 1 223837
33.12 1 226305
34.18 1 221559
35.18 0 0
36.19 1 224606
37.20 1 223826
38.48 1 223218
39.48 0 0
40.49 1 225543
41.69 1 221376
42.70 1 224316
43.70 0 0
44.71 1 223250
45.84 1 222796
46.84 1 225360
47.85 0 0
48.85 1 223603
49.86 1 226367
50.86 0 0
51.86 1 225273
52.87 1 224933
53.87 1 227200
54.88 0 0
55.88 1 221002
56.88 1 223717
57.89 0 0
58.89 1 222700
59.90 1 222487
60.90 1 224658
61.90 0 0
62.91 1 224099
63.91 1 226825
64.91 1 225902
65.92 0 0
66.92 1 225337
67.93 1 227938
68.94 1 223621
69.94 1 226245
70.95 0 0
71.95 1 225119
72.95 1 224849
73.96 1 227095
73.96 0 0
