18
1.00 0 0
2.01 0 0
3.02 1 215789
4.09 0 0
5.24 1 218337
6.24 0 0
7.24 1 217402
8.26 1 216805
9.26 0 0
10.27 1 219406
11.27 0 0
12.28 1 218554
13.29 1 221398
14.29 0 0
15.30 1 220523
16.31 1 220050
17.32 0 0
18.59 1 222268
19.59 1 220802
20.64 0 0
21.83 1 223763
22.84 1 222825
23.85 0 0
24.85 1 222073
26.05 1 224704
27.05 1 221313
28.06 0 0
29.06 1 224136
30.06 1 223173
31.07 0 0
32.08 1 222725
33.16 1 225168
34.16 1 220422
35.17 0 0
36.17 1 223462
37.18 1 222700
38.32 0 0
39.33 1 222109
40.33 1 224417
41.34 1 220239
42.34 0 0
43.34 1 223190
44.35 1 222124
45.35 0 0
46.44 1 221669
47.74 1 224234
48.79 1 222466
49.79 0 0
50.80 1 225241
51.80 1 224129
52.81 1 223809
54.02 0 0
55.02 1 226091
56.04 1 219878
57.05 1 222591
58.06 1 221563
59.06 0 0
60.07 1 221361
61.30 1 223549
62.31 0 0
63.31 1 222987
64.31 1 225713
65.32 1 224758
66.32 1 224211
67.32 0 0
68.49 1 226826
69.49 1 222495
70.50 1 225118
71.50 1 224007
72.50 0 0
73.51 1 223705
74.51 1 225951
74.51 0 0
