15
1.00 0 0
2.01 0 0
3.02 1 220040
4.03 0 0
5.12 1 219163
6.13 1 218926
7.14 0 0
8.15 1 220644
9.16 1 221211
10.16 0 0
11.17 1 223090
12.18 1 222123
13.18 0 0
14.35 1 222175
15.36 1 223678
16.36 0 0
17.36 1 224506
18.37 1 225531
19.37 0 0
20.38 1 224306
21.38 1 224509
22.38 0 0
23.51 1 226164
24.51 1 226699
25.51 0 0
26.75 1 225974
27.76 1 225257
28.76 1 224774
30.21 0 0
31.21 1 226564
32.22 1 227422
33.22 1 225173
34.23 0 0
35.36 1 224187
36.36 1 224345
37.37 1 225837
38.37 0 0
39.37 1 226682
40.38 1 224950
41.38 1 224234
42.39 0 0
43.39 1 223879
44.39 1 225501
45.40 0 0
46.40 1 226310
47.40 1 226957
48.41 1 226094
49.53 1 225777
50.54 0 0
51.54 1 227461
52.54 1 228263
53.55 1 224364
54.55 0 0
55.56 1 223223
56.56 1 223379
57.56 1 224991
58.62 1 225775
59.62 0 0
60.93 1 227573
61.93 1 226695
62.94 1 226480
63.94 1 228192
64.94 0 0
65.95 1 229042
66.96 1 226873
67.96 1 226032
68.97 0 0
69.97 1 225673
70.97 1 227382
71.98 1 228281
71.98 0 0
