19
1.00 0 0
2.02 0 0
3.12 1 219197
4.12 0 0
5.13 1 218314
6.13 0 0
7.14 1 218063
8.14 1 219780
9.15 0 0
10.16 1 220348
11.17 1 222227
12.18 0 0
13.18 1 221280
14.19 0 0
15.20 1 221312
16.21 1 222815
17.22 0 0
18.22 1 223663
19.22 1 224679
20.23 0 0
21.59 1 223439
22.59 1 223661
23.67 1 225301
24.67 0 0
25.67 1 225847
26.68 0 0
27.68 1 225125
28.69 1 224409
29.69 0 0
30.78 1 223925
31.78 1 225701
32.79 0 0
33.79 1 226579
34.79 1 224306
35.98 1 223338
36.99 0 0
37.99 1 223493
38.99 1 224989
40.00 0 0
41.00 1 225818
42.01 1 224087
43.01 0 0
44.01 1 223371
45.02 1 223012
46.02 1 224649
47.03 0 0
48.03 1 225443
49.03 1 226093
50.04 1 225242
51.04 0 0
52.04 1 224914
53.05 1 226609
54.05 0 0
55.06 1 227400
56.06 1 223497
57.24 0 0
58.24 1 222356
59.34 1 222516
60.34 1 224128
61.34 0 0
62.35 1 224911
63.35 1 226709
64.36 0 0
65.36 1 225828
66.36 1 225613
67.37 1 227340
68.37 1 228175
69.38 0 0
70.38 1 226025
71.38 1 225169
72.39 1 224806
73.39 1 226519
74.40 0 0
75.40 1 227438
75.40 0 0
