30
1.00 0 0
2.01 0 0
3.01 0 0
4.02 0 0
5.02 0 0
6.03 0 0
7.04 0 0
8.04 0 0
9.05 0 0
10.06 0 0
11.06 0 0
12.07 0 0
13.07 0 0
14.08 0 0
15.08 0 0
16.08 0 0
17.09 0 0
18.09 0 0
19.10 0 0
20.10 0 0
21.10 0 0
22.11 0 0
23.11 0 0
24.12 0 0
25.12 0 0
26.12 0 0
27.13 0 0
28.13 0 0
29.14 0 0
30.14 0 0
31.14 0 0
32.15 0 0
33.15 0 0
34.16 0 0
35.16 0 0
36.16 0 0
37.17 0 0
38.17 0 0
39.18 0 0
40.18 0 0
41.18 0 0
42.19 0 0
43.19 0 0
44.19 0 0
45.20 0 0
46.20 0 0
47.21 0 0
48.21 0 0
49.21 0 0
50.23 0 0
51.23 0 0
52.23 0 0
53.24 0 0
54.24 0 0
55.25 0 0
56.25 0 0
57.25 0 0
58.26 0 0
59.26 0 0
60.27 0 0
61.27 0 0
62.27 0 0
63.28 0 0
64.28 0 0
65.29 0 0
66.29 0 0
67.30 0 0
68.31 0 0
69.31 0 0
70.32 0 0
71.33 0 0
72.33 0 0
73.33 0 0
74.34 0 0
75.34 0 0
75.34 0 0
