0
1.01 1 49766470
2.01 2 99532924
3.02 1 49766454
4.02 2 99532908
5.03 1 49766454
6.03 2 99532908
7.03 1 49766454
8.04 2 99532908
9.04 1 49766454
10.04 2 99532908
11.05 1 49766454
12.05 1 49766454
13.06 2 99532908
14.06 1 49766454
15.06 1 49766454
16.07 3 149299362
17.07 1 49766454
18.08 1 49766454
19.09 1 49766454
20.09 2 99532908
21.10 2 99532908
22.10 1 49766454
23.10 2 99532908
24.11 1 49766454
25.11 2 99532908
26.11 2 99532908
27.12 0 0
28.12 2 99532908
29.13 2 99532908
30.13 2 99532908
31.15 0 0
32.15 3 149299362
33.17 1 49766454
34.17 1 49766454
35.19 1 49766454
36.19 2 99532908
37.20 2 99532908
38.21 2 99532908
39.22 1 49766454
40.22 2 99532908
41.46 1 49766454
42.47 2 99532908
43.47 1 49766454
44.47 2 99532908
45.48 1 49766454
46.48 2 99532908
47.49 1 49766454
48.49 2 99532908
49.50 1 49766454
50.50 2 99532908
51.51 2 99532908
52.71 1 49766454
53.72 1 49766454
54.73 2 99532908
55.74 2 99532908
56.74 1 49766454
57.75 2 99532908
58.75 1 49766454
59.76 2 99532908
60.76 1 49766454
61.76 1 49766454
62.77 2 99532908
63.78 2 99532908
64.78 1 49766454
65.79 2 99532908
66.79 1 49766454
66.79 0 0
