17
1.01 0 0
2.01 0 0
3.11 1 219915
4.11 0 0
5.11 1 219042
6.30 1 218793
7.56 1 220495
8.56 0 0
9.56 1 221062
10.75 1 222957
11.76 0 0
12.76 1 221998
13.80 1 222042
14.91 1 223545
15.92 0 0
17.15 1 224381
18.15 1 225400
19.16 0 0
20.16 1 224161
21.48 1 224396
22.48 1 226015
23.49 0 0
24.58 1 226568
25.59 1 225853
26.60 0 0
27.61 1 225144
28.62 1 224653
29.62 1 226415
30.63 1 227297
31.64 0 0
32.71 1 225028
33.72 1 224066
34.72 1 224214
35.73 0 0
36.73 1 225724
37.74 1 226533
38.74 1 224801
39.74 0 0
40.76 1 224101
41.77 1 223734
42.77 1 225370
43.78 0 0
44.78 1 226165
45.78 1 226808
46.79 1 225963
47.79 0 0
48.82 1 225644
49.83 1 227330
50.83 1 228130
51.84 1 224219
52.84 0 0
53.85 1 223078
55.17 1 223246
56.17 1 224842
57.23 0 0
58.23 1 225626
59.23 1 227424
60.24 1 226550
61.24 1 226335
62.25 0 0
63.25 1 228061
64.61 1 228897
65.61 1 226760
66.62 0 0
67.62 1 225899
68.63 1 225528
69.63 1 227233
70.63 1 228156
70.63 0 0
