14
1.01 0 0
2.01 0 0
3.14 0 0
4.14 1 216165
5.21 1 218719
6.22 0 0
7.22 1 217775
8.28 1 217177
9.29 0 0
10.29 1 219782
11.51 0 0
12.51 1 218930
13.51 1 221765
14.52 1 220896
15.52 0 0
16.52 1 220440
17.53 0 0
18.66 1 222644
19.99 1 221210
21.06 1 224171
22.30 0 0
23.31 1 223207
24.31 1 222445
25.32 0 0
26.32 1 225112
27.32 1 221703
28.33 0 0
29.35 1 224544
30.35 1 223546
31.36 0 0
32.36 1 223092
33.36 1 225540
34.37 1 220794
35.37 0 0
36.38 1 223835
37.38 1 223112
38.38 0 0
39.59 1 222499
40.59 1 224829
41.59 0 0
42.60 1 220611
43.60 1 223572
44.61 1 222536
45.61 0 0
46.61 1 222077
47.62 1 224646
48.62 1 222838
49.63 0 0
50.63 1 225653
51.63 1 224502
52.64 1 224185
53.64 0 0
54.65 1 226481
55.66 1 220254
56.67 0 0
57.67 1 222973
58.68 1 221935
59.69 1 221773
60.70 1 223939
61.71 0 0
62.72 1 223354
63.84 1 226080
64.85 1 225131
65.85 0 0
66.86 1 224623
67.86 1 227193
68.93 1 222907
69.93 1 225526
70.94 0 0
71.94 1 224374
72.94 1 224078
73.95 1 226324
73.95 0 0
