11
1.00 0 0
2.01 0 0
3.01 1 219150
4.02 0 0
5.02 1 218298
6.03 0 0
7.03 1 218045
8.03 1 219750
9.04 0 0
10.04 1 220343
11.05 1 222209
12.05 0 0
13.05 1 221233
14.06 0 0
15.06 1 221294
16.07 1 222797
17.07 0 0
18.08 1 223616
19.09 1 224681
20.09 0 0
21.10 1 223447
22.12 1 223625
23.20 0 0
24.21 1 225296
25.22 1 225849
26.23 1 225109
27.24 0 0
28.25 1 224373
29.26 1 223909
30.27 0 0
31.27 1 225696
32.28 1 226532
33.28 0 0
34.28 1 224314
35.29 1 223322
36.29 0 0
37.30 1 223495
38.30 1 224953
39.30 0 0
40.31 1 225788
41.31 1 224082
42.32 0 0
43.32 1 223353
44.32 1 223020
45.33 1 224651
46.34 0 0
47.34 1 225451
48.34 1 226063
49.35 1 225244
50.35 1 224896
51.35 0 0
52.36 1 226611
53.37 0 0
54.38 1 227382
55.38 1 223505
56.39 1 222364
57.39 0 0
58.39 1 222498
59.40 1 224123
60.40 1 224881
61.41 0 0
62.41 1 226679
63.41 0 0
64.42 1 225836
65.42 1 225621
66.43 1 227342
67.43 0 0
68.43 1 228183
69.44 1 225989
70.44 1 225151
71.45 0 0
72.45 1 224814
73.45 1 226514
74.46 1 227391
74.46 0 0
