12
1.00 0 0
2.02 0 0
3.13 1 219698
4.13 0 0
5.14 1 218836
6.14 1 218606
7.14 0 0
8.15 1 220302
9.15 1 220884
10.16 0 0
11.16 1 222770
12.16 1 221781
13.17 0 0
14.40 1 221855
15.41 1 223358
16.42 0 0
17.53 1 224164
18.54 1 225180
19.55 0 0
20.85 1 223996
21.85 1 224174
22.86 0 0
23.86 1 225837
24.87 1 226348
25.87 1 225647
26.87 0 0
28.19 1 224922
29.19 1 224447
30.20 1 226237
31.20 0 0
32.20 1 227080
33.21 1 224863
34.21 0 0
35.22 1 223860
36.43 1 223994
37.44 0 0
38.61 1 225502
39.62 1 226340
40.62 1 224623
41.62 0 0
42.63 1 223914
43.63 1 223569
44.64 1 225150
45.72 0 0
46.73 1 226000
47.73 1 226615
48.74 1 225743
49.74 0 0
50.74 1 225457
51.75 1 227110
52.87 0 0
53.87 1 227943
54.88 1 224054
55.88 1 222913
56.89 0 0
57.89 1 223059
58.89 1 224664
59.90 1 225433
60.90 1 227231
61.91 0 0
63.01 1 226385
64.01 1 226170
65.02 1 227841
66.02 0 0
67.03 1 228732
68.31 1 226538
69.31 1 225712
70.31 1 225363
71.32 0 0
72.32 1 227055
73.32 1 227939
73.33 0 0
