20
1.00 0 0
2.01 0 0
3.14 1 216462
4.14 0 0
5.15 1 219014
6.16 0 0
7.16 1 218093
8.16 0 0
9.17 1 217497
10.37 1 220079
11.38 0 0
12.43 1 219227
13.44 1 222091
14.44 0 0
15.68 1 221214
16.80 1 220745
17.80 0 0
18.81 1 222941
19.81 1 221499
20.82 1 224460
21.82 0 0
22.82 1 223502
24.09 0 0
25.10 1 222765
26.36 1 225401
27.37 1 222008
28.37 1 224833
29.39 0 0
30.40 1 223864
31.40 1 223418
32.41 0 0
33.41 1 225860
34.76 1 221114
35.76 1 224153
36.76 0 0
38.06 1 223386
39.06 1 222804
40.07 0 0
41.07 1 225103
42.07 1 220931
43.32 1 223867
44.32 1 222810
45.33 0 0
46.41 1 222366
47.41 1 224920
48.69 1 223158
49.69 1 225927
50.69 0 0
51.70 1 224820
52.71 1 224482
53.71 1 226786
54.71 0 0
55.74 1 220551
56.83 1 223268
57.83 1 222255
58.83 0 0
59.84 1 222047
60.84 1 224244
61.84 0 0
62.85 1 223680
63.88 1 226406
64.89 1 225449
65.90 1 224897
66.91 0 0
67.92 1 227519
68.92 1 223181
69.93 1 225815
70.94 0 0
71.95 1 224700
72.96 1 224396
73.96 1 226642
73.96 0 0
