13
1.00 0 0
2.01 0 0
3.02 1 216183
4.02 0 0
5.02 1 218735
6.03 0 0
7.03 1 217811
8.04 0 0
9.04 1 217224
10.08 1 219800
11.09 0 0
12.10 1 218948
13.37 1 221795
14.50 0 0
15.69 1 220932
16.70 1 220445
17.70 1 222662
18.71 0 0
19.71 1 221208
20.72 0 0
21.72 1 224169
22.72 1 223223
23.74 0 0
25.02 1 222492
26.03 1 225110
27.03 0 0
28.03 1 221708
29.05 0 0
30.06 1 224542
31.06 1 223582
32.21 1 223122
33.21 0 0
34.22 1 225587
35.22 1 220841
36.28 0 0
37.28 1 223871
38.68 1 223104
39.68 1 222504
40.74 0 0
41.75 1 224821
42.75 1 220658
43.76 0 0
44.77 1 223588
45.77 1 222528
46.77 0 0
48.17 1 222075
49.21 1 224638
50.21 1 222885
51.21 1 225645
52.22 0 0
53.24 1 224538
54.25 1 224203
55.26 1 226486
56.26 0 0
57.27 1 220272
58.33 1 222989
59.34 0 0
60.35 1 221982
61.35 1 221765
62.36 1 223944
63.36 0 0
64.36 1 223384
65.37 1 226110
66.37 1 225167
67.38 0 0
68.62 1 224615
69.62 1 227223
70.62 1 222899
71.63 0 0
72.63 1 225524
73.66 1 224404
74.67 1 224114
75.67 1 226360
75.67 0 0
