[*] Waiting for work
[*] Got registered message 128 counter [in: get.3.0] [out: none]
[*] Got component counter
[*] Need to create get queue get.3.0
[*]   type image.Image
[*]   length 5
[*]  connected to [put.2.0, put.2.1, put.2.2, put.2.3, put.2.4, put.2.5, put.2.6, put.2.7, put.2.8, put.2.9, put.2.10, put.2.11, put.2.12, put.2.13, put.2.14, put.2.15, put.2.16, put.2.17, put.2.18, put.2.19, put.2.20, put.2.21, put.2.22, put.2.23, put.2.24, put.2.25, put.2.26, put.2.27, put.2.28, put.2.29, put.2.30, put.2.31, put.2.32, put.2.33, put.2.34, put.2.35, put.2.36, put.2.37, put.2.38, put.2.39, put.2.40, put.2.41, put.2.42, put.2.43, put.2.44, put.2.45, put.2.46, put.2.47, put.2.48, put.2.49, put.2.50, put.2.51, put.2.52, put.2.53, put.2.54, put.2.55, put.2.56, put.2.57, put.2.58, put.2.59, put.2.60, put.2.61, put.2.62, put.2.63]
[*] Created queue compress[0,1,2,3,4,5,6,7,8,9,10,11,12,13,14,15,16,17,18,19,20,21,22,23,24,25,26,27,28,29,30,31,32,33,34,35,36,37,38,39,40,41,42,43,44,45,46,47,48,49,50,51,52,53,54,55,56,57,58,59,60,61,62,63]->counter[0] max length 5
[*] Created queue compress[0,1,2,3,4,5,6,7,8,9,10,11,12,13,14,15,16,17,18,19,20,21,22,23,24,25,26,27,28,29,30,31,32,33,34,35,36,37,38,39,40,41,42,43,44,45,46,47,48,49,50,51,52,53,54,55,56,57,58,59,60,61,62,63]->counter[0].0 max length 5
[*] Created queue compress[0,1,2,3,4,5,6,7,8,9,10,11,12,13,14,15,16,17,18,19,20,21,22,23,24,25,26,27,28,29,30,31,32,33,34,35,36,37,38,39,40,41,42,43,44,45,46,47,48,49,50,51,52,53,54,55,56,57,58,59,60,61,62,63]->counter[0].1 max length 5
[*] Created queue compress[0,1,2,3,4,5,6,7,8,9,10,11,12,13,14,15,16,17,18,19,20,21,22,23,24,25,26,27,28,29,30,31,32,33,34,35,36,37,38,39,40,41,42,43,44,45,46,47,48,49,50,51,52,53,54,55,56,57,58,59,60,61,62,63]->counter[0].2 max length 5
[*] Created queue compress[0,1,2,3,4,5,6,7,8,9,10,11,12,13,14,15,16,17,18,19,20,21,22,23,24,25,26,27,28,29,30,31,32,33,34,35,36,37,38,39,40,41,42,43,44,45,46,47,48,49,50,51,52,53,54,55,56,57,58,59,60,61,62,63]->counter[0].3 max length 5
[*] Created queue compress[0,1,2,3,4,5,6,7,8,9,10,11,12,13,14,15,16,17,18,19,20,21,22,23,24,25,26,27,28,29,30,31,32,33,34,35,36,37,38,39,40,41,42,43,44,45,46,47,48,49,50,51,52,53,54,55,56,57,58,59,60,61,62,63]->counter[0].4 max length 5
[*] Created queue compress[0,1,2,3,4,5,6,7,8,9,10,11,12,13,14,15,16,17,18,19,20,21,22,23,24,25,26,27,28,29,30,31,32,33,34,35,36,37,38,39,40,41,42,43,44,45,46,47,48,49,50,51,52,53,54,55,56,57,58,59,60,61,62,63]->counter[0].5 max length 5
[*] Created queue compress[0,1,2,3,4,5,6,7,8,9,10,11,12,13,14,15,16,17,18,19,20,21,22,23,24,25,26,27,28,29,30,31,32,33,34,35,36,37,38,39,40,41,42,43,44,45,46,47,48,49,50,51,52,53,54,55,56,57,58,59,60,61,62,63]->counter[0].6 max length 5
[*] Got message from (Ibis 0, location fs0.das3.cs.vu.nl) data true
[*] Created queue compress[0,1,2,3,4,5,6,7,8,9,10,11,12,13,14,15,16,17,18,19,20,21,22,23,24,25,26,27,28,29,30,31,32,33,34,35,36,37,38,39,40,41,42,43,44,45,46,47,48,49,50,51,52,53,54,55,56,57,58,59,60,61,62,63]->counter[0].7 max length 5
[*] Created queue compress[0,1,2,3,4,5,6,7,8,9,10,11,12,13,14,15,16,17,18,19,20,21,22,23,24,25,26,27,28,29,30,31,32,33,34,35,36,37,38,39,40,41,42,43,44,45,46,47,48,49,50,51,52,53,54,55,56,57,58,59,60,61,62,63]->counter[0].8 max length 5
[*] Created queue compress[0,1,2,3,4,5,6,7,8,9,10,11,12,13,14,15,16,17,18,19,20,21,22,23,24,25,26,27,28,29,30,31,32,33,34,35,36,37,38,39,40,41,42,43,44,45,46,47,48,49,50,51,52,53,54,55,56,57,58,59,60,61,62,63]->counter[0].9 max length 5
[*] Created queue compress[0,1,2,3,4,5,6,7,8,9,10,11,12,13,14,15,16,17,18,19,20,21,22,23,24,25,26,27,28,29,30,31,32,33,34,35,36,37,38,39,40,41,42,43,44,45,46,47,48,49,50,51,52,53,54,55,56,57,58,59,60,61,62,63]->counter[0].10 max length 5
[*] Created queue compress[0,1,2,3,4,5,6,7,8,9,10,11,12,13,14,15,16,17,18,19,20,21,22,23,24,25,26,27,28,29,30,31,32,33,34,35,36,37,38,39,40,41,42,43,44,45,46,47,48,49,50,51,52,53,54,55,56,57,58,59,60,61,62,63]->counter[0].11 max length 5
[*] Created queue compress[0,1,2,3,4,5,6,7,8,9,10,11,12,13,14,15,16,17,18,19,20,21,22,23,24,25,26,27,28,29,30,31,32,33,34,35,36,37,38,39,40,41,42,43,44,45,46,47,48,49,50,51,52,53,54,55,56,57,58,59,60,61,62,63]->counter[0].12 max length 5
[*] Created queue compress[0,1,2,3,4,5,6,7,8,9,10,11,12,13,14,15,16,17,18,19,20,21,22,23,24,25,26,27,28,29,30,31,32,33,34,35,36,37,38,39,40,41,42,43,44,45,46,47,48,49,50,51,52,53,54,55,56,57,58,59,60,61,62,63]->counter[0].13 max length 5
[*] Created queue compress[0,1,2,3,4,5,6,7,8,9,10,11,12,13,14,15,16,17,18,19,20,21,22,23,24,25,26,27,28,29,30,31,32,33,34,35,36,37,38,39,40,41,42,43,44,45,46,47,48,49,50,51,52,53,54,55,56,57,58,59,60,61,62,63]->counter[0].14 max length 5
[*] Created queue compress[0,1,2,3,4,5,6,7,8,9,10,11,12,13,14,15,16,17,18,19,20,21,22,23,24,25,26,27,28,29,30,31,32,33,34,35,36,37,38,39,40,41,42,43,44,45,46,47,48,49,50,51,52,53,54,55,56,57,58,59,60,61,62,63]->counter[0].15 max length 5
[*] Created queue compress[0,1,2,3,4,5,6,7,8,9,10,11,12,13,14,15,16,17,18,19,20,21,22,23,24,25,26,27,28,29,30,31,32,33,34,35,36,37,38,39,40,41,42,43,44,45,46,47,48,49,50,51,52,53,54,55,56,57,58,59,60,61,62,63]->counter[0].16 max length 5
[*] Created queue compress[0,1,2,3,4,5,6,7,8,9,10,11,12,13,14,15,16,17,18,19,20,21,22,23,24,25,26,27,28,29,30,31,32,33,34,35,36,37,38,39,40,41,42,43,44,45,46,47,48,49,50,51,52,53,54,55,56,57,58,59,60,61,62,63]->counter[0].17 max length 5
[*] Created queue compress[0,1,2,3,4,5,6,7,8,9,10,11,12,13,14,15,16,17,18,19,20,21,22,23,24,25,26,27,28,29,30,31,32,33,34,35,36,37,38,39,40,41,42,43,44,45,46,47,48,49,50,51,52,53,54,55,56,57,58,59,60,61,62,63]->counter[0].18 max length 5
[*] Created queue compress[0,1,2,3,4,5,6,7,8,9,10,11,12,13,14,15,16,17,18,19,20,21,22,23,24,25,26,27,28,29,30,31,32,33,34,35,36,37,38,39,40,41,42,43,44,45,46,47,48,49,50,51,52,53,54,55,56,57,58,59,60,61,62,63]->counter[0].19 max length 5
[*] Created queue compress[0,1,2,3,4,5,6,7,8,9,10,11,12,13,14,15,16,17,18,19,20,21,22,23,24,25,26,27,28,29,30,31,32,33,34,35,36,37,38,39,40,41,42,43,44,45,46,47,48,49,50,51,52,53,54,55,56,57,58,59,60,61,62,63]->counter[0].20 max length 5
[*] Created queue compress[0,1,2,3,4,5,6,7,8,9,10,11,12,13,14,15,16,17,18,19,20,21,22,23,24,25,26,27,28,29,30,31,32,33,34,35,36,37,38,39,40,41,42,43,44,45,46,47,48,49,50,51,52,53,54,55,56,57,58,59,60,61,62,63]->counter[0].21 max length 5
[*] Created queue compress[0,1,2,3,4,5,6,7,8,9,10,11,12,13,14,15,16,17,18,19,20,21,22,23,24,25,26,27,28,29,30,31,32,33,34,35,36,37,38,39,40,41,42,43,44,45,46,47,48,49,50,51,52,53,54,55,56,57,58,59,60,61,62,63]->counter[0].22 max length 5
[*] Created queue compress[0,1,2,3,4,5,6,7,8,9,10,11,12,13,14,15,16,17,18,19,20,21,22,23,24,25,26,27,28,29,30,31,32,33,34,35,36,37,38,39,40,41,42,43,44,45,46,47,48,49,50,51,52,53,54,55,56,57,58,59,60,61,62,63]->counter[0].23 max length 5
[*] Created queue compress[0,1,2,3,4,5,6,7,8,9,10,11,12,13,14,15,16,17,18,19,20,21,22,23,24,25,26,27,28,29,30,31,32,33,34,35,36,37,38,39,40,41,42,43,44,45,46,47,48,49,50,51,52,53,54,55,56,57,58,59,60,61,62,63]->counter[0].24 max length 5
[*] Created queue compress[0,1,2,3,4,5,6,7,8,9,10,11,12,13,14,15,16,17,18,19,20,21,22,23,24,25,26,27,28,29,30,31,32,33,34,35,36,37,38,39,40,41,42,43,44,45,46,47,48,49,50,51,52,53,54,55,56,57,58,59,60,61,62,63]->counter[0].25 max length 5
[*] Created queue compress[0,1,2,3,4,5,6,7,8,9,10,11,12,13,14,15,16,17,18,19,20,21,22,23,24,25,26,27,28,29,30,31,32,33,34,35,36,37,38,39,40,41,42,43,44,45,46,47,48,49,50,51,52,53,54,55,56,57,58,59,60,61,62,63]->counter[0].26 max length 5
[*] Created queue compress[0,1,2,3,4,5,6,7,8,9,10,11,12,13,14,15,16,17,18,19,20,21,22,23,24,25,26,27,28,29,30,31,32,33,34,35,36,37,38,39,40,41,42,43,44,45,46,47,48,49,50,51,52,53,54,55,56,57,58,59,60,61,62,63]->counter[0].27 max length 5
[*] Created queue compress[0,1,2,3,4,5,6,7,8,9,10,11,12,13,14,15,16,17,18,19,20,21,22,23,24,25,26,27,28,29,30,31,32,33,34,35,36,37,38,39,40,41,42,43,44,45,46,47,48,49,50,51,52,53,54,55,56,57,58,59,60,61,62,63]->counter[0].28 max length 5
[*] Created queue compress[0,1,2,3,4,5,6,7,8,9,10,11,12,13,14,15,16,17,18,19,20,21,22,23,24,25,26,27,28,29,30,31,32,33,34,35,36,37,38,39,40,41,42,43,44,45,46,47,48,49,50,51,52,53,54,55,56,57,58,59,60,61,62,63]->counter[0].29 max length 5
[*] Created queue compress[0,1,2,3,4,5,6,7,8,9,10,11,12,13,14,15,16,17,18,19,20,21,22,23,24,25,26,27,28,29,30,31,32,33,34,35,36,37,38,39,40,41,42,43,44,45,46,47,48,49,50,51,52,53,54,55,56,57,58,59,60,61,62,63]->counter[0].30 max length 5
[*] Created queue compress[0,1,2,3,4,5,6,7,8,9,10,11,12,13,14,15,16,17,18,19,20,21,22,23,24,25,26,27,28,29,30,31,32,33,34,35,36,37,38,39,40,41,42,43,44,45,46,47,48,49,50,51,52,53,54,55,56,57,58,59,60,61,62,63]->counter[0].31 max length 5
[*] Created queue compress[0,1,2,3,4,5,6,7,8,9,10,11,12,13,14,15,16,17,18,19,20,21,22,23,24,25,26,27,28,29,30,31,32,33,34,35,36,37,38,39,40,41,42,43,44,45,46,47,48,49,50,51,52,53,54,55,56,57,58,59,60,61,62,63]->counter[0].32 max length 5
[*] Created queue compress[0,1,2,3,4,5,6,7,8,9,10,11,12,13,14,15,16,17,18,19,20,21,22,23,24,25,26,27,28,29,30,31,32,33,34,35,36,37,38,39,40,41,42,43,44,45,46,47,48,49,50,51,52,53,54,55,56,57,58,59,60,61,62,63]->counter[0].33 max length 5
[*] Created queue compress[0,1,2,3,4,5,6,7,8,9,10,11,12,13,14,15,16,17,18,19,20,21,22,23,24,25,26,27,28,29,30,31,32,33,34,35,36,37,38,39,40,41,42,43,44,45,46,47,48,49,50,51,52,53,54,55,56,57,58,59,60,61,62,63]->counter[0].34 max length 5
[*] Created queue compress[0,1,2,3,4,5,6,7,8,9,10,11,12,13,14,15,16,17,18,19,20,21,22,23,24,25,26,27,28,29,30,31,32,33,34,35,36,37,38,39,40,41,42,43,44,45,46,47,48,49,50,51,52,53,54,55,56,57,58,59,60,61,62,63]->counter[0].35 max length 5
[*] Created queue compress[0,1,2,3,4,5,6,7,8,9,10,11,12,13,14,15,16,17,18,19,20,21,22,23,24,25,26,27,28,29,30,31,32,33,34,35,36,37,38,39,40,41,42,43,44,45,46,47,48,49,50,51,52,53,54,55,56,57,58,59,60,61,62,63]->counter[0].36 max length 5
[*] Created queue compress[0,1,2,3,4,5,6,7,8,9,10,11,12,13,14,15,16,17,18,19,20,21,22,23,24,25,26,27,28,29,30,31,32,33,34,35,36,37,38,39,40,41,42,43,44,45,46,47,48,49,50,51,52,53,54,55,56,57,58,59,60,61,62,63]->counter[0].37 max length 5
[*] Created queue compress[0,1,2,3,4,5,6,7,8,9,10,11,12,13,14,15,16,17,18,19,20,21,22,23,24,25,26,27,28,29,30,31,32,33,34,35,36,37,38,39,40,41,42,43,44,45,46,47,48,49,50,51,52,53,54,55,56,57,58,59,60,61,62,63]->counter[0].38 max length 5
[*] Created queue compress[0,1,2,3,4,5,6,7,8,9,10,11,12,13,14,15,16,17,18,19,20,21,22,23,24,25,26,27,28,29,30,31,32,33,34,35,36,37,38,39,40,41,42,43,44,45,46,47,48,49,50,51,52,53,54,55,56,57,58,59,60,61,62,63]->counter[0].39 max length 5
[*] Created queue compress[0,1,2,3,4,5,6,7,8,9,10,11,12,13,14,15,16,17,18,19,20,21,22,23,24,25,26,27,28,29,30,31,32,33,34,35,36,37,38,39,40,41,42,43,44,45,46,47,48,49,50,51,52,53,54,55,56,57,58,59,60,61,62,63]->counter[0].40 max length 5
[*] Created queue compress[0,1,2,3,4,5,6,7,8,9,10,11,12,13,14,15,16,17,18,19,20,21,22,23,24,25,26,27,28,29,30,31,32,33,34,35,36,37,38,39,40,41,42,43,44,45,46,47,48,49,50,51,52,53,54,55,56,57,58,59,60,61,62,63]->counter[0].41 max length 5
[*] Created queue compress[0,1,2,3,4,5,6,7,8,9,10,11,12,13,14,15,16,17,18,19,20,21,22,23,24,25,26,27,28,29,30,31,32,33,34,35,36,37,38,39,40,41,42,43,44,45,46,47,48,49,50,51,52,53,54,55,56,57,58,59,60,61,62,63]->counter[0].42 max length 5
[*] Created queue compress[0,1,2,3,4,5,6,7,8,9,10,11,12,13,14,15,16,17,18,19,20,21,22,23,24,25,26,27,28,29,30,31,32,33,34,35,36,37,38,39,40,41,42,43,44,45,46,47,48,49,50,51,52,53,54,55,56,57,58,59,60,61,62,63]->counter[0].43 max length 5
[*] Created queue compress[0,1,2,3,4,5,6,7,8,9,10,11,12,13,14,15,16,17,18,19,20,21,22,23,24,25,26,27,28,29,30,31,32,33,34,35,36,37,38,39,40,41,42,43,44,45,46,47,48,49,50,51,52,53,54,55,56,57,58,59,60,61,62,63]->counter[0].44 max length 5
[*] Created queue compress[0,1,2,3,4,5,6,7,8,9,10,11,12,13,14,15,16,17,18,19,20,21,22,23,24,25,26,27,28,29,30,31,32,33,34,35,36,37,38,39,40,41,42,43,44,45,46,47,48,49,50,51,52,53,54,55,56,57,58,59,60,61,62,63]->counter[0].45 max length 5
[*] Created queue compress[0,1,2,3,4,5,6,7,8,9,10,11,12,13,14,15,16,17,18,19,20,21,22,23,24,25,26,27,28,29,30,31,32,33,34,35,36,37,38,39,40,41,42,43,44,45,46,47,48,49,50,51,52,53,54,55,56,57,58,59,60,61,62,63]->counter[0].46 max length 5
[*] Created queue compress[0,1,2,3,4,5,6,7,8,9,10,11,12,13,14,15,16,17,18,19,20,21,22,23,24,25,26,27,28,29,30,31,32,33,34,35,36,37,38,39,40,41,42,43,44,45,46,47,48,49,50,51,52,53,54,55,56,57,58,59,60,61,62,63]->counter[0].47 max length 5
[*] Created queue compress[0,1,2,3,4,5,6,7,8,9,10,11,12,13,14,15,16,17,18,19,20,21,22,23,24,25,26,27,28,29,30,31,32,33,34,35,36,37,38,39,40,41,42,43,44,45,46,47,48,49,50,51,52,53,54,55,56,57,58,59,60,61,62,63]->counter[0].48 max length 5
[*] Created queue compress[0,1,2,3,4,5,6,7,8,9,10,11,12,13,14,15,16,17,18,19,20,21,22,23,24,25,26,27,28,29,30,31,32,33,34,35,36,37,38,39,40,41,42,43,44,45,46,47,48,49,50,51,52,53,54,55,56,57,58,59,60,61,62,63]->counter[0].49 max length 5
[*] Created queue compress[0,1,2,3,4,5,6,7,8,9,10,11,12,13,14,15,16,17,18,19,20,21,22,23,24,25,26,27,28,29,30,31,32,33,34,35,36,37,38,39,40,41,42,43,44,45,46,47,48,49,50,51,52,53,54,55,56,57,58,59,60,61,62,63]->counter[0].50 max length 5
[*] Created queue compress[0,1,2,3,4,5,6,7,8,9,10,11,12,13,14,15,16,17,18,19,20,21,22,23,24,25,26,27,28,29,30,31,32,33,34,35,36,37,38,39,40,41,42,43,44,45,46,47,48,49,50,51,52,53,54,55,56,57,58,59,60,61,62,63]->counter[0].51 max length 5
[*] Created queue compress[0,1,2,3,4,5,6,7,8,9,10,11,12,13,14,15,16,17,18,19,20,21,22,23,24,25,26,27,28,29,30,31,32,33,34,35,36,37,38,39,40,41,42,43,44,45,46,47,48,49,50,51,52,53,54,55,56,57,58,59,60,61,62,63]->counter[0].52 max length 5
[*] Created queue compress[0,1,2,3,4,5,6,7,8,9,10,11,12,13,14,15,16,17,18,19,20,21,22,23,24,25,26,27,28,29,30,31,32,33,34,35,36,37,38,39,40,41,42,43,44,45,46,47,48,49,50,51,52,53,54,55,56,57,58,59,60,61,62,63]->counter[0].53 max length 5
[*] Created queue compress[0,1,2,3,4,5,6,7,8,9,10,11,12,13,14,15,16,17,18,19,20,21,22,23,24,25,26,27,28,29,30,31,32,33,34,35,36,37,38,39,40,41,42,43,44,45,46,47,48,49,50,51,52,53,54,55,56,57,58,59,60,61,62,63]->counter[0].54 max length 5
[*] Created queue compress[0,1,2,3,4,5,6,7,8,9,10,11,12,13,14,15,16,17,18,19,20,21,22,23,24,25,26,27,28,29,30,31,32,33,34,35,36,37,38,39,40,41,42,43,44,45,46,47,48,49,50,51,52,53,54,55,56,57,58,59,60,61,62,63]->counter[0].55 max length 5
[*] Created queue compress[0,1,2,3,4,5,6,7,8,9,10,11,12,13,14,15,16,17,18,19,20,21,22,23,24,25,26,27,28,29,30,31,32,33,34,35,36,37,38,39,40,41,42,43,44,45,46,47,48,49,50,51,52,53,54,55,56,57,58,59,60,61,62,63]->counter[0].56 max length 5
[*] Created queue compress[0,1,2,3,4,5,6,7,8,9,10,11,12,13,14,15,16,17,18,19,20,21,22,23,24,25,26,27,28,29,30,31,32,33,34,35,36,37,38,39,40,41,42,43,44,45,46,47,48,49,50,51,52,53,54,55,56,57,58,59,60,61,62,63]->counter[0].57 max length 5
[*] Created queue compress[0,1,2,3,4,5,6,7,8,9,10,11,12,13,14,15,16,17,18,19,20,21,22,23,24,25,26,27,28,29,30,31,32,33,34,35,36,37,38,39,40,41,42,43,44,45,46,47,48,49,50,51,52,53,54,55,56,57,58,59,60,61,62,63]->counter[0].58 max length 5
[*] Created queue compress[0,1,2,3,4,5,6,7,8,9,10,11,12,13,14,15,16,17,18,19,20,21,22,23,24,25,26,27,28,29,30,31,32,33,34,35,36,37,38,39,40,41,42,43,44,45,46,47,48,49,50,51,52,53,54,55,56,57,58,59,60,61,62,63]->counter[0].59 max length 5
[*] Created queue compress[0,1,2,3,4,5,6,7,8,9,10,11,12,13,14,15,16,17,18,19,20,21,22,23,24,25,26,27,28,29,30,31,32,33,34,35,36,37,38,39,40,41,42,43,44,45,46,47,48,49,50,51,52,53,54,55,56,57,58,59,60,61,62,63]->counter[0].60 max length 5
[*] Created queue compress[0,1,2,3,4,5,6,7,8,9,10,11,12,13,14,15,16,17,18,19,20,21,22,23,24,25,26,27,28,29,30,31,32,33,34,35,36,37,38,39,40,41,42,43,44,45,46,47,48,49,50,51,52,53,54,55,56,57,58,59,60,61,62,63]->counter[0].61 max length 5
[*] Created queue compress[0,1,2,3,4,5,6,7,8,9,10,11,12,13,14,15,16,17,18,19,20,21,22,23,24,25,26,27,28,29,30,31,32,33,34,35,36,37,38,39,40,41,42,43,44,45,46,47,48,49,50,51,52,53,54,55,56,57,58,59,60,61,62,63]->counter[0].62 max length 5
[*] Created queue compress[0,1,2,3,4,5,6,7,8,9,10,11,12,13,14,15,16,17,18,19,20,21,22,23,24,25,26,27,28,29,30,31,32,33,34,35,36,37,38,39,40,41,42,43,44,45,46,47,48,49,50,51,52,53,54,55,56,57,58,59,60,61,62,63]->counter[0].63 max length 5
[*] Create component counter
[*]  - Type     : processors.FrameRateCounter
[*]  - In type  : image.Image
[*]  - In name  : compress[0,1,2,3,4,5,6,7,8,9,10,11,12,13,14,15,16,17,18,19,20,21,22,23,24,25,26,27,28,29,30,31,32,33,34,35,36,37,38,39,40,41,42,43,44,45,46,47,48,49,50,51,52,53,54,55,56,57,58,59,60,61,62,63]->counter[0]
[*]  - In ok    : true
[*]  - Out type : none
[*]  - Out name : none
[*] - Out ok   : true
[*]  - Options  : {frames=1645}
[*] Started component counter
1.00 0 0
2.01 0 0
3.02 0 0
4.03 0 0
5.03 0 0
6.04 0 0
7.05 0 0
8.06 0 0
9.07 0 0
10.07 0 0
11.08 0 0
12.09 0 0
13.09 0 0
14.09 0 0
15.10 0 0
16.10 0 0
17.11 0 0
18.11 0 0
19.11 0 0
20.12 0 0
21.12 0 0
22.13 0 0
23.13 0 0
24.13 0 0
25.14 0 0
26.14 0 0
27.15 0 0
28.15 0 0
29.15 0 0
30.16 0 0
31.16 0 0
32.16 0 0
33.17 0 0
34.17 0 0
35.18 0 0
36.18 0 0
37.18 0 0
38.19 0 0
39.19 0 0
40.20 0 0
[*] Ibis READER took 40406 read 32 put 0 bytes 3258385 97.10744023323059 0.07690536275462503
[*] Ibis READER took 40911 read 19 put 0 bytes 3258385 163.54937302438836 0.07595605307773896
[*] Ibis READER took 40955 read 15 put 0 bytes 3258385 207.16253916422525 0.07587444969999704
41.20 0 0
[*] Ibis READER took 41627 read 27 put 0 bytes 3258385 115.0902995356807 0.07464958049975687
[*] Ibis READER took 41606 read 24 put 0 bytes 3258385 129.47658697764078 0.07468725874785798
[*] Ibis READER took 41665 read 74 put 1 bytes 3258385 41.992406587342956 0.07458149735901545
[*] Ibis READER took 41678 read 17 put 0 bytes 3258385 182.79047573313994 0.07455823425940254
[*] Ibis READER took 41680 read 30 put 0 bytes 3258385 103.58126958211263 0.07455465660900622
[*] Ibis READER took 41698 read 9 put 0 bytes 3258385 345.2708986070421 0.07452247319927524
[*] Ibis READER took 41907 read 11 put 0 bytes 3258385 282.4943715875799 0.07415081221426918
[*] Ibis READER took 42039 read 13 put 0 bytes 3258385 239.03369903564453 0.07391798300300623
[*] Ibis READER took 42109 read 15 put 0 bytes 3258385 207.16253916422525 0.07379510526166327
[*] Ibis READER took 42047 read 20 put 0 bytes 3258385 155.37190437316895 0.07390391912534494
[*] Ibis READER took 42157 read 214 put 0 bytes 3258385 14.520738726464387 0.07371108208514313
42.20 0 0
[*] Ibis READER took 42327 read 13 put 0 bytes 3258385 239.03369903564453 0.07341503266150162
[*] Ibis READER took 42574 read 18 put 0 bytes 3258385 172.63544930352106 0.07298910338383471
[*] Ibis READER took 43031 read 31 put 0 bytes 3388718 104.2494620046308 0.07510244526372975
[*] Ibis READER took 42934 read 22 put 0 bytes 3388718 146.8969691883434 0.07527212284305107
[*] Ibis READER took 43113 read 24 put 0 bytes 3388718 134.6555550893148 0.07495960202592153
[*] Ibis READER took 43071 read 19 put 0 bytes 3388718 170.0912274812397 0.0750326976885504
[*] Ibis READER took 43361 read 25 put 1 bytes 3388718 129.2693328857422 0.0745308761823656
[*] Ibis READER took 43244 read 195 put 0 bytes 3388718 16.57299139560797 0.07473252525537773
[*] Ibis READER took 43146 read 13 put 0 bytes 3388718 248.5948709341196 0.07490226955322753
[*] Ibis READER took 43127 read 25 put 0 bytes 3388718 129.2693328857422 0.07493526844305319
[*] Ibis READER took 43442 read 10 put 0 bytes 3388718 323.17333221435547 0.07439190926162595
[*] Ibis READER took 43384 read 22 put 0 bytes 3388718 146.8969691883434 0.07449136368577251
[*] Ibis READER took 43062 read 12 put 0 bytes 3258385 258.95317395528156 0.07216195456465976
[*] Ibis READER took 43065 read 12 put 0 bytes 3258385 258.95317395528156 0.07215692760857724
[*] Ibis READER took 43507 read 8 put 1 bytes 3388718 403.96666526794434 0.07428076682243213
[*] Ibis READER took 43677 read 14 put 0 bytes 3388718 230.83809443882532 0.0739916505745256
43.21 0 0
[*] Ibis READER took 43689 read 59 put 0 bytes 3388718 54.775141053280585 0.07397132738546441
[*] Ibis READER took 43655 read 73 put 0 bytes 3388718 44.27031948141856 0.07402893877318875
[*] Ibis READER took 43689 read 18 put 0 bytes 3388718 179.54074011908637 0.07397132738546441
[*] Ibis READER took 43645 read 9 put 0 bytes 3388718 359.08148023817273 0.07404590038133932
[*] Ibis READER took 43503 read 11 put 0 bytes 3388718 293.7939383766868 0.07428759676674149
[*] Ibis READER took 43756 read 12 put 0 bytes 3388718 269.3111101786296 0.07385806111489977
[*] Ibis READER took 43390 read 23 put 0 bytes 3258385 135.1060038027556 0.07161645742022077
[*] Ibis READER took 43790 read 18 put 0 bytes 3388718 179.54074011908637 0.07380071528073887
[*] Ibis READER took 43824 read 26 put 0 bytes 3388718 124.2974354670598 0.07374345842788323
[*] Ibis READER took 43673 read 9 put 0 bytes 3388718 359.08148023817273 0.07399842745274093
[*] Ibis READER took 43726 read 23 put 1 bytes 3388718 140.51014444102412 0.07390873444046002
[*] Ibis READER took 43745 read 222 put 0 bytes 3388718 14.55735730695295 0.07387663326422574
[*] Ibis READER took 43673 read 15 put 0 bytes 3388718 215.44888814290366 0.07399842745274093
[*] Ibis READER took 43611 read 256 put 0 bytes 3388718 12.62395828962326 0.07410362803291726
[*] Ibis READER took 44113 read 30 put 1 bytes 3388718 107.72444407145183 0.0732603387242662
[*] Ibis READER took 43750 read 21 put 0 bytes 3388718 153.8920629592169 0.07386819022042411
[*] Ibis READER took 43749 read 13 put 0 bytes 3388718 248.5948709341196 0.07386987867479382
[*] Ibis READER took 43752 read 46 put 0 bytes 3388718 70.25507222051206 0.07386481354323356
[*] Ibis READER took 43925 read 14 put 0 bytes 3388718 230.83809443882532 0.07357389464185668
[*] Ibis READER took 43908 read 11 put 0 bytes 3388718 293.7939383766868 0.0736023804806312
[*] Ibis READER took 43865 read 124 put 0 bytes 3388718 26.0623655011577 0.0736745314520359
[*] Ibis READER took 44093 read 57 put 0 bytes 3388718 56.69707582707991 0.07329356864226871
[*] Ibis READER took 43947 read 49 put 0 bytes 3388718 65.95374126823582 0.07353706332954592
[*] Ibis READER took 44116 read 20 put 0 bytes 3388718 161.58666610717773 0.07325535683524242
[*] Ibis READER took 44067 read 18 put 0 bytes 3388718 179.54074011908637 0.0733368126294859
[*] Ibis READER took 44213 read 11 put 0 bytes 3388718 293.7939383766868 0.07309464008648033
[*] Ibis READER took 44151 read 14 put 0 bytes 3388718 230.83809443882532 0.07319728482126237
[*] Ibis READER took 44266 read 31 put 0 bytes 3388718 104.2494620046308 0.0730071233484741
[*] Ibis READER took 44372 read 18 put 0 bytes 3388718 179.54074011908637 0.0728327170770656
[*] Ibis READER took 44465 read 18 put 0 bytes 3388718 179.54074011908637 0.07268038507013504
44.21 0 0
[*] Ibis READER took 44566 read 20 put 0 bytes 3388718 161.58666610717773 0.07251566939244165
[*] Ibis READER took 44588 read 12 put 0 bytes 3388718 269.3111101786296 0.07247988970448449
[*] Ibis READER took 44621 read 13 put 0 bytes 3388718 248.5948709341196 0.07242628632580074
[*] Ibis READER took 44836 read 17 put 0 bytes 3388718 190.10196012609146 0.07207898390007036
[*] Checking if all are done!
[*] Ensure done took 0
[*] Frame arrival times: 
[*] 1 3252 0.3075030750307503
[*] 2 0 Infinity
[*] 3 0 Infinity
[*] 4 0 Infinity
[*] 5 62 16.129032258064516
[*] 6 0 Infinity
[*] 7 553 1.8083182640144666
[*] 8 0 Infinity
[*] 9 0 Infinity
[*] 10 0 Infinity
[*] 11 0 Infinity
[*] 12 0 Infinity
[*] 13 0 Infinity
[*] 14 0 Infinity
[*] 15 0 Infinity
[*] 16 0 Infinity
[*] 17 0 Infinity
[*] 18 1 1000.0
[*] 19 0 Infinity
[*] 20 0 Infinity
[*] 21 0 Infinity
[*] 22 0 Infinity
[*] 23 0 Infinity
[*] 24 0 Infinity
[*] 25 0 Infinity
[*] 26 0 Infinity
[*] 27 0 Infinity
[*] 28 0 Infinity
[*] 29 0 Infinity
[*] 30 0 Infinity
[*] 31 0 Infinity
[*] 32 0 Infinity
[*] 33 0 Infinity
[*] 34 0 Infinity
[*] 35 0 Infinity
[*] 36 0 Infinity
[*] 37 19 52.63157894736842
[*] 38 0 Infinity
[*] 39 271 3.690036900369004
[*] 40 0 Infinity
[*] 41 0 Infinity
[*] 42 0 Infinity
[*] 43 0 Infinity
[*] 44 0 Infinity
[*] 45 0 Infinity
[*] 46 0 Infinity
[*] 47 0 Infinity
[*] 48 0 Infinity
[*] 49 0 Infinity
[*] 50 0 Infinity
[*] 51 0 Infinity
[*] 52 0 Infinity
[*] 53 0 Infinity
[*] 54 0 Infinity
[*] 55 0 Infinity
[*] 56 0 Infinity
[*] 57 1 1000.0
[*] 58 0 Infinity
[*] 59 0 Infinity
[*] 60 0 Infinity
[*] 61 0 Infinity
[*] 62 0 Infinity
[*] 63 0 Infinity
[*] 64 0 Infinity
[*] 65 1031 0.9699321047526673
[*] 66 0 Infinity
[*] 67 0 Infinity
[*] 68 0 Infinity
[*] 69 555 1.8018018018018018
[*] 70 0 Infinity
[*] 71 179 5.58659217877095
[*] 72 0 Infinity
[*] 73 0 Infinity
[*] 74 0 Infinity
[*] 75 0 Infinity
[*] 76 0 Infinity
[*] 77 0 Infinity
[*] 78 0 Infinity
[*] 79 0 Infinity
[*] 80 0 Infinity
[*] 81 0 Infinity
[*] 82 0 Infinity
[*] 83 0 Infinity
[*] 84 0 Infinity
[*] 85 0 Infinity
[*] 86 0 Infinity
[*] 87 0 Infinity
[*] 88 0 Infinity
[*] 89 0 Infinity
[*] 90 0 Infinity
[*] 91 0 Infinity
[*] 92 0 Infinity
[*] 93 0 Infinity
[*] 94 0 Infinity
[*] 95 0 Infinity
[*] 96 0 Infinity
[*] 97 0 Infinity
[*] 98 0 Infinity
[*] 99 0 Infinity
[*] 100 0 Infinity
[*] 101 0 Infinity
[*] 102 1 1000.0
[*] 103 110 9.090909090909092
[*] 104 265 3.7735849056603774
[*] 105 0 Infinity
[*] 106 0 Infinity
[*] 107 0 Infinity
[*] 108 0 Infinity
[*] 109 0 Infinity
[*] 110 0 Infinity
[*] 111 0 Infinity
[*] 112 0 Infinity
[*] 113 0 Infinity
[*] 114 0 Infinity
[*] 115 0 Infinity
[*] 116 0 Infinity
[*] 117 0 Infinity
[*] 118 0 Infinity
[*] 119 10 100.0
[*] 120 0 Infinity
[*] 121 0 Infinity
[*] 122 0 Infinity
[*] 123 0 Infinity
[*] 124 0 Infinity
[*] 125 0 Infinity
[*] 126 0 Infinity
[*] 127 0 Infinity
[*] 128 0 Infinity
[*] 129 704 1.4204545454545454
[*] 130 0 Infinity
[*] 131 0 Infinity
[*] 132 0 Infinity
[*] 133 444 2.2522522522522523
[*] 134 0 Infinity
[*] 135 91 10.989010989010989
[*] 136 0 Infinity
[*] 137 0 Infinity
[*] 138 0 Infinity
[*] 139 0 Infinity
[*] 140 0 Infinity
[*] 141 0 Infinity
[*] 142 0 Infinity
[*] 143 1 1000.0
[*] 144 0 Infinity
[*] 145 0 Infinity
[*] 146 0 Infinity
[*] 147 0 Infinity
[*] 148 0 Infinity
[*] 149 0 Infinity
[*] 150 0 Infinity
[*] 151 0 Infinity
[*] 152 0 Infinity
[*] 153 0 Infinity
[*] 154 0 Infinity
[*] 155 0 Infinity
[*] 156 0 Infinity
[*] 157 0 Infinity
[*] 158 0 Infinity
[*] 159 0 Infinity
[*] 160 0 Infinity
[*] 161 13 76.92307692307692
[*] 162 0 Infinity
[*] 163 0 Infinity
[*] 164 0 Infinity
[*] 165 0 Infinity
[*] 166 0 Infinity
[*] 167 72 13.88888888888889
[*] 168 286 3.4965034965034967
[*] 169 0 Infinity
[*] 170 9 111.11111111111111
[*] 171 0 Infinity
[*] 172 0 Infinity
[*] 173 0 Infinity
[*] 174 0 Infinity
[*] 175 0 Infinity
[*] 176 0 Infinity
[*] 177 152 6.578947368421052
[*] 178 0 Infinity
[*] 179 0 Infinity
[*] 180 0 Infinity
[*] 181 0 Infinity
[*] 182 0 Infinity
[*] 183 0 Infinity
[*] 184 0 Infinity
[*] 185 0 Infinity
[*] 186 0 Infinity
[*] 187 0 Infinity
[*] 188 0 Infinity
[*] 189 0 Infinity
[*] 190 0 Infinity
[*] 191 0 Infinity
[*] 192 0 Infinity
[*] 193 574 1.7421602787456445
[*] 194 0 Infinity
[*] 195 0 Infinity
[*] 196 97 10.309278350515465
[*] 197 293 3.4129692832764507
[*] 198 0 Infinity
[*] 199 296 3.3783783783783785
[*] 200 0 Infinity
[*] 201 0 Infinity
[*] 202 0 Infinity
[*] 203 0 Infinity
[*] 204 0 Infinity
[*] 205 0 Infinity
[*] 206 0 Infinity
[*] 207 0 Infinity
[*] 208 1 1000.0
[*] 209 0 Infinity
[*] 210 0 Infinity
[*] 211 0 Infinity
[*] 212 0 Infinity
[*] 213 0 Infinity
[*] 214 0 Infinity
[*] 215 0 Infinity
[*] 216 0 Infinity
[*] 217 0 Infinity
[*] 218 0 Infinity
[*] 219 0 Infinity
[*] 220 0 Infinity
[*] 221 0 Infinity
[*] 222 0 Infinity
[*] 223 0 Infinity
[*] 224 0 Infinity
[*] 225 0 Infinity
[*] 226 0 Infinity
[*] 227 0 Infinity
[*] 228 0 Infinity
[*] 229 0 Infinity
[*] 230 0 Infinity
[*] 231 149 6.7114093959731544
[*] 232 296 3.3783783783783785
[*] 233 0 Infinity
[*] 234 0 Infinity
[*] 235 0 Infinity
[*] 236 0 Infinity
[*] 237 0 Infinity
[*] 238 0 Infinity
[*] 239 0 Infinity
[*] 240 0 Infinity
[*] 241 0 Infinity
[*] 242 0 Infinity
[*] 243 0 Infinity
[*] 244 0 Infinity
[*] 245 0 Infinity
[*] 246 0 Infinity
[*] 247 0 Infinity
[*] 248 0 Infinity
[*] 249 0 Infinity
[*] 250 0 Infinity
[*] 251 0 Infinity
[*] 252 0 Infinity
[*] 253 0 Infinity
[*] 254 0 Infinity
[*] 255 74 13.513513513513514
[*] 256 0 Infinity
[*] 257 446 2.242152466367713
[*] 258 0 Infinity
[*] 259 0 Infinity
[*] 260 8 125.0
[*] 261 594 1.6835016835016836
[*] 262 0 Infinity
[*] 263 22 45.45454545454545
[*] 264 0 Infinity
[*] 265 0 Infinity
[*] 266 0 Infinity
[*] 267 0 Infinity
[*] 268 0 Infinity
[*] 269 0 Infinity
[*] 270 0 Infinity
[*] 271 0 Infinity
[*] 272 0 Infinity
[*] 273 0 Infinity
[*] 274 0 Infinity
[*] 275 0 Infinity
[*] 276 0 Infinity
[*] 277 0 Infinity
[*] 278 0 Infinity
[*] 279 0 Infinity
[*] 280 0 Infinity
[*] 281 0 Infinity
[*] 282 0 Infinity
[*] 283 0 Infinity
[*] 284 0 Infinity
[*] 285 0 Infinity
[*] 286 0 Infinity
[*] 287 0 Infinity
[*] 288 0 Infinity
[*] 289 0 Infinity
[*] 290 0 Infinity
[*] 291 0 Infinity
[*] 292 0 Infinity
[*] 293 29 34.48275862068966
[*] 294 0 Infinity
[*] 295 0 Infinity
[*] 296 439 2.277904328018223
[*] 297 0 Infinity
[*] 298 0 Infinity
[*] 299 0 Infinity
[*] 300 0 Infinity
[*] 301 0 Infinity
[*] 302 0 Infinity
[*] 303 0 Infinity
[*] 304 1 1000.0
[*] 305 0 Infinity
[*] 306 0 Infinity
[*] 307 0 Infinity
[*] 308 0 Infinity
[*] 309 0 Infinity
[*] 310 0 Infinity
[*] 311 0 Infinity
[*] 312 0 Infinity
[*] 313 0 Infinity
[*] 314 0 Infinity
[*] 315 0 Infinity
[*] 316 0 Infinity
[*] 317 0 Infinity
[*] 318 0 Infinity
[*] 319 324 3.0864197530864197
[*] 320 0 Infinity
[*] 321 198 5.05050505050505
[*] 322 0 Infinity
[*] 323 0 Infinity
[*] 324 99 10.1010101010101
[*] 325 477 2.0964360587002098
[*] 326 0 Infinity
[*] 327 20 50.0
[*] 328 0 Infinity
[*] 329 0 Infinity
[*] 330 0 Infinity
[*] 331 0 Infinity
[*] 332 0 Infinity
[*] 333 0 Infinity
[*] 334 0 Infinity
[*] 335 0 Infinity
[*] 336 66 15.151515151515152
[*] 337 0 Infinity
[*] 338 0 Infinity
[*] 339 0 Infinity
[*] 340 0 Infinity
[*] 341 0 Infinity
[*] 342 0 Infinity
[*] 343 0 Infinity
[*] 344 0 Infinity
[*] 345 0 Infinity
[*] 346 0 Infinity
[*] 347 0 Infinity
[*] 348 0 Infinity
[*] 349 0 Infinity
[*] 350 0 Infinity
[*] 351 0 Infinity
[*] 352 0 Infinity
[*] 353 0 Infinity
[*] 354 194 5.154639175257732
[*] 355 0 Infinity
[*] 356 0 Infinity
[*] 357 1 1000.0
[*] 358 0 Infinity
[*] 359 0 Infinity
[*] 360 252 3.9682539682539684
[*] 361 0 Infinity
[*] 362 78 12.820512820512821
[*] 363 0 Infinity
[*] 364 0 Infinity
[*] 365 0 Infinity
[*] 366 0 Infinity
[*] 367 0 Infinity
[*] 368 0 Infinity
[*] 369 0 Infinity
[*] 370 0 Infinity
[*] 371 0 Infinity
[*] 372 0 Infinity
[*] 373 0 Infinity
[*] 374 0 Infinity
[*] 375 0 Infinity
[*] 376 0 Infinity
[*] 377 0 Infinity
[*] 378 0 Infinity
[*] 379 0 Infinity
[*] 380 0 Infinity
[*] 381 0 Infinity
[*] 382 0 Infinity
[*] 383 279 3.5842293906810037
[*] 384 0 Infinity
[*] 385 195 5.128205128205129
[*] 386 0 Infinity
[*] 387 0 Infinity
[*] 388 196 5.1020408163265305
[*] 389 431 2.320185614849188
[*] 390 0 Infinity
[*] 391 0 Infinity
[*] 392 0 Infinity
[*] 393 0 Infinity
[*] 394 0 Infinity
[*] 395 0 Infinity
[*] 396 0 Infinity
[*] 397 0 Infinity
[*] 398 0 Infinity
[*] 399 0 Infinity
[*] 400 45 22.22222222222222
[*] 401 0 Infinity
[*] 402 0 Infinity
[*] 403 0 Infinity
[*] 404 0 Infinity
[*] 405 0 Infinity
[*] 406 0 Infinity
[*] 407 18 55.55555555555556
[*] 408 0 Infinity
[*] 409 0 Infinity
[*] 410 0 Infinity
[*] 411 0 Infinity
[*] 412 0 Infinity
[*] 413 0 Infinity
[*] 414 0 Infinity
[*] 415 0 Infinity
[*] 416 0 Infinity
[*] 417 0 Infinity
[*] 418 0 Infinity
[*] 419 0 Infinity
[*] 420 0 Infinity
[*] 421 154 6.4935064935064934
[*] 422 0 Infinity
[*] 423 0 Infinity
[*] 424 315 3.1746031746031744
[*] 425 0 Infinity
[*] 426 0 Infinity
[*] 427 0 Infinity
[*] 428 0 Infinity
[*] 429 0 Infinity
[*] 430 0 Infinity
[*] 431 0 Infinity
[*] 432 0 Infinity
[*] 433 0 Infinity
[*] 434 0 Infinity
[*] 435 0 Infinity
[*] 436 0 Infinity
[*] 437 0 Infinity
[*] 438 0 Infinity
[*] 439 141 7.092198581560283
[*] 440 0 Infinity
[*] 441 0 Infinity
[*] 442 0 Infinity
[*] 443 0 Infinity
[*] 444 0 Infinity
[*] 445 0 Infinity
[*] 446 0 Infinity
[*] 447 144 6.944444444444445
[*] 448 0 Infinity
[*] 449 312 3.2051282051282053
[*] 450 0 Infinity
[*] 451 0 Infinity
[*] 452 94 10.638297872340425
[*] 453 423 2.3640661938534278
[*] 454 0 Infinity
[*] 455 0 Infinity
[*] 456 0 Infinity
[*] 457 0 Infinity
[*] 458 0 Infinity
[*] 459 0 Infinity
[*] 460 0 Infinity
[*] 461 0 Infinity
[*] 462 0 Infinity
[*] 463 0 Infinity
[*] 464 175 5.714285714285714
[*] 465 0 Infinity
[*] 466 0 Infinity
[*] 467 0 Infinity
[*] 468 0 Infinity
[*] 469 0 Infinity
[*] 470 0 Infinity
[*] 471 0 Infinity
[*] 472 0 Infinity
[*] 473 0 Infinity
[*] 474 0 Infinity
[*] 475 0 Infinity
[*] 476 0 Infinity
[*] 477 0 Infinity
[*] 478 0 Infinity
[*] 479 0 Infinity
[*] 480 0 Infinity
[*] 481 0 Infinity
[*] 482 0 Infinity
[*] 483 0 Infinity
[*] 484 0 Infinity
[*] 485 0 Infinity
[*] 486 0 Infinity
[*] 487 0 Infinity
[*] 488 378 2.6455026455026456
[*] 489 0 Infinity
[*] 490 0 Infinity
[*] 491 0 Infinity
[*] 492 0 Infinity
[*] 493 0 Infinity
[*] 494 0 Infinity
[*] 495 0 Infinity
[*] 496 0 Infinity
[*] 497 0 Infinity
[*] 498 0 Infinity
[*] 499 0 Infinity
[*] 500 0 Infinity
[*] 501 0 Infinity
[*] 502 0 Infinity
[*] 503 189 5.291005291005291
[*] 504 0 Infinity
[*] 505 0 Infinity
[*] 506 0 Infinity
[*] 507 0 Infinity
[*] 508 0 Infinity
[*] 509 0 Infinity
[*] 510 0 Infinity
[*] 511 23 43.47826086956522
[*] 512 0 Infinity
[*] 513 418 2.3923444976076556
[*] 514 0 Infinity
[*] 515 0 Infinity
[*] 516 36 27.77777777777778
[*] 517 498 2.0080321285140563
[*] 518 0 Infinity
[*] 519 0 Infinity
[*] 520 0 Infinity
[*] 521 0 Infinity
[*] 522 0 Infinity
[*] 523 0 Infinity
[*] 524 0 Infinity
[*] 525 1 1000.0
[*] 526 0 Infinity
[*] 527 0 Infinity
[*] 528 161 6.211180124223603
[*] 529 0 Infinity
[*] 530 0 Infinity
[*] 531 0 Infinity
[*] 532 0 Infinity
[*] 533 0 Infinity
[*] 534 0 Infinity
[*] 535 0 Infinity
[*] 536 0 Infinity
[*] 537 0 Infinity
[*] 538 0 Infinity
[*] 539 0 Infinity
[*] 540 0 Infinity
[*] 541 0 Infinity
[*] 542 0 Infinity
[*] 543 0 Infinity
[*] 544 0 Infinity
[*] 545 0 Infinity
[*] 546 0 Infinity
[*] 547 0 Infinity
[*] 548 0 Infinity
[*] 549 0 Infinity
[*] 550 0 Infinity
[*] 551 0 Infinity
[*] 552 416 2.4038461538461537
[*] 553 0 Infinity
[*] 554 0 Infinity
[*] 555 0 Infinity
[*] 556 0 Infinity
[*] 557 0 Infinity
[*] 558 0 Infinity
[*] 559 0 Infinity
[*] 560 0 Infinity
[*] 561 0 Infinity
[*] 562 0 Infinity
[*] 563 0 Infinity
[*] 564 0 Infinity
[*] 565 0 Infinity
[*] 566 0 Infinity
[*] 567 135 7.407407407407407
[*] 568 0 Infinity
[*] 569 0 Infinity
[*] 570 0 Infinity
[*] 571 0 Infinity
[*] 572 0 Infinity
[*] 573 0 Infinity
[*] 574 0 Infinity
[*] 575 130 7.6923076923076925
[*] 576 0 Infinity
[*] 577 310 3.225806451612903
[*] 578 0 Infinity
[*] 579 0 Infinity
[*] 580 51 19.607843137254903
[*] 581 475 2.1052631578947367
[*] 582 0 Infinity
[*] 583 0 Infinity
[*] 584 0 Infinity
[*] 585 0 Infinity
[*] 586 0 Infinity
[*] 587 0 Infinity
[*] 588 0 Infinity
[*] 589 0 Infinity
[*] 590 0 Infinity
[*] 591 0 Infinity
[*] 592 72 13.88888888888889
[*] 593 0 Infinity
[*] 594 0 Infinity
[*] 595 0 Infinity
[*] 596 0 Infinity
[*] 597 0 Infinity
[*] 598 0 Infinity
[*] 599 71 14.084507042253522
[*] 600 0 Infinity
[*] 601 0 Infinity
[*] 602 0 Infinity
[*] 603 0 Infinity
[*] 604 0 Infinity
[*] 605 0 Infinity
[*] 606 0 Infinity
[*] 607 0 Infinity
[*] 608 0 Infinity
[*] 609 0 Infinity
[*] 610 0 Infinity
[*] 611 0 Infinity
[*] 612 0 Infinity
[*] 613 73 13.698630136986301
[*] 614 0 Infinity
[*] 615 0 Infinity
[*] 616 314 3.1847133757961785
[*] 617 0 Infinity
[*] 618 0 Infinity
[*] 619 0 Infinity
[*] 620 0 Infinity
[*] 621 0 Infinity
[*] 622 0 Infinity
[*] 623 0 Infinity
[*] 624 0 Infinity
[*] 625 0 Infinity
[*] 626 0 Infinity
[*] 627 0 Infinity
[*] 628 0 Infinity
[*] 629 0 Infinity
[*] 630 0 Infinity
[*] 631 0 Infinity
[*] 632 0 Infinity
[*] 633 0 Infinity
[*] 634 0 Infinity
[*] 635 0 Infinity
[*] 636 0 Infinity
[*] 637 0 Infinity
[*] 638 31 32.25806451612903
[*] 639 128 7.8125
[*] 640 0 Infinity
[*] 641 364 2.7472527472527473
[*] 642 0 Infinity
[*] 643 0 Infinity
[*] 644 182 5.4945054945054945
[*] 645 342 2.9239766081871346
[*] 646 0 Infinity
[*] 647 0 Infinity
[*] 648 0 Infinity
[*] 649 0 Infinity
[*] 650 0 Infinity
[*] 651 0 Infinity
[*] 652 0 Infinity
[*] 653 0 Infinity
[*] 654 0 Infinity
[*] 655 0 Infinity
[*] 656 93 10.75268817204301
[*] 657 0 Infinity
[*] 658 0 Infinity
[*] 659 0 Infinity
[*] 660 0 Infinity
[*] 661 0 Infinity
[*] 662 0 Infinity
[*] 663 6 166.66666666666666
[*] 664 0 Infinity
[*] 665 0 Infinity
[*] 666 0 Infinity
[*] 667 1 1000.0
[*] 668 0 Infinity
[*] 669 0 Infinity
[*] 670 0 Infinity
[*] 671 0 Infinity
[*] 672 0 Infinity
[*] 673 0 Infinity
[*] 674 0 Infinity
[*] 675 0 Infinity
[*] 676 0 Infinity
[*] 677 277 3.6101083032490973
[*] 678 0 Infinity
[*] 679 0 Infinity
[*] 680 258 3.875968992248062
[*] 681 1 1000.0
[*] 682 0 Infinity
[*] 683 0 Infinity
[*] 684 0 Infinity
[*] 685 0 Infinity
[*] 686 0 Infinity
[*] 687 0 Infinity
[*] 688 0 Infinity
[*] 689 0 Infinity
[*] 690 0 Infinity
[*] 691 0 Infinity
[*] 692 0 Infinity
[*] 693 0 Infinity
[*] 694 0 Infinity
[*] 695 29 34.48275862068966
[*] 696 0 Infinity
[*] 697 0 Infinity
[*] 698 0 Infinity
[*] 699 0 Infinity
[*] 700 0 Infinity
[*] 701 0 Infinity
[*] 702 71 14.084507042253522
[*] 703 25 40.0
[*] 704 0 Infinity
[*] 705 342 2.9239766081871346
[*] 706 0 Infinity
[*] 707 0 Infinity
[*] 708 88 11.363636363636363
[*] 709 499 2.004008016032064
[*] 710 0 Infinity
[*] 711 0 Infinity
[*] 712 0 Infinity
[*] 713 0 Infinity
[*] 714 0 Infinity
[*] 715 0 Infinity
[*] 716 0 Infinity
[*] 717 0 Infinity
[*] 718 0 Infinity
[*] 719 0 Infinity
[*] 720 0 Infinity
[*] 721 0 Infinity
[*] 722 0 Infinity
[*] 723 3 333.3333333333333
[*] 724 0 Infinity
[*] 725 0 Infinity
[*] 726 0 Infinity
[*] 727 91 10.989010989010989
[*] 728 0 Infinity
[*] 729 0 Infinity
[*] 730 0 Infinity
[*] 731 0 Infinity
[*] 732 0 Infinity
[*] 733 0 Infinity
[*] 734 0 Infinity
[*] 735 0 Infinity
[*] 736 0 Infinity
[*] 737 0 Infinity
[*] 738 0 Infinity
[*] 739 0 Infinity
[*] 740 0 Infinity
[*] 741 139 7.194244604316546
[*] 742 0 Infinity
[*] 743 0 Infinity
[*] 744 467 2.1413276231263385
[*] 745 0 Infinity
[*] 746 0 Infinity
[*] 747 0 Infinity
[*] 748 0 Infinity
[*] 749 0 Infinity
[*] 750 0 Infinity
[*] 751 0 Infinity
[*] 752 0 Infinity
[*] 753 0 Infinity
[*] 754 0 Infinity
[*] 755 0 Infinity
[*] 756 0 Infinity
[*] 757 0 Infinity
[*] 758 0 Infinity
[*] 759 0 Infinity
[*] 760 0 Infinity
[*] 761 0 Infinity
[*] 762 0 Infinity
[*] 763 0 Infinity
[*] 764 0 Infinity
[*] 765 0 Infinity
[*] 766 6 166.66666666666666
[*] 767 0 Infinity
[*] 768 0 Infinity
[*] 769 440 2.272727272727273
[*] 770 0 Infinity
[*] 771 0 Infinity
[*] 772 58 17.24137931034483
[*] 773 299 3.3444816053511706
[*] 774 0 Infinity
[*] 775 0 Infinity
[*] 776 0 Infinity
[*] 777 0 Infinity
[*] 778 0 Infinity
[*] 779 0 Infinity
[*] 780 0 Infinity
[*] 781 0 Infinity
[*] 782 0 Infinity
[*] 783 0 Infinity
[*] 784 76 13.157894736842104
[*] 785 0 Infinity
[*] 786 0 Infinity
[*] 787 19 52.63157894736842
[*] 788 0 Infinity
[*] 789 0 Infinity
[*] 790 0 Infinity
[*] 791 176 5.681818181818182
[*] 792 0 Infinity
[*] 793 0 Infinity
[*] 794 0 Infinity
[*] 795 0 Infinity
[*] 796 0 Infinity
[*] 797 0 Infinity
[*] 798 0 Infinity
[*] 799 0 Infinity
[*] 800 0 Infinity
[*] 801 0 Infinity
[*] 802 67 14.925373134328359
[*] 803 0 Infinity
[*] 804 0 Infinity
[*] 805 81 12.345679012345679
[*] 806 0 Infinity
[*] 807 0 Infinity
[*] 808 365 2.73972602739726
[*] 809 0 Infinity
[*] 810 0 Infinity
[*] 811 0 Infinity
[*] 812 0 Infinity
[*] 813 0 Infinity
[*] 814 0 Infinity
[*] 815 0 Infinity
[*] 816 0 Infinity
[*] 817 0 Infinity
[*] 818 0 Infinity
[*] 819 1 1000.0
[*] 820 0 Infinity
[*] 821 0 Infinity
[*] 822 0 Infinity
[*] 823 0 Infinity
[*] 824 0 Infinity
[*] 825 0 Infinity
[*] 826 0 Infinity
[*] 827 0 Infinity
[*] 828 0 Infinity
[*] 829 0 Infinity
[*] 830 141 7.092198581560283
[*] 831 0 Infinity
[*] 832 0 Infinity
[*] 833 244 4.098360655737705
[*] 834 0 Infinity
[*] 835 0 Infinity
[*] 836 106 9.433962264150944
[*] 837 369 2.710027100271003
[*] 838 0 Infinity
[*] 839 0 Infinity
[*] 840 0 Infinity
[*] 841 0 Infinity
[*] 842 0 Infinity
[*] 843 12 83.33333333333333
[*] 844 0 Infinity
[*] 845 0 Infinity
[*] 846 0 Infinity
[*] 847 0 Infinity
[*] 848 0 Infinity
[*] 849 0 Infinity
[*] 850 0 Infinity
[*] 851 148 6.756756756756757
[*] 852 0 Infinity
[*] 853 0 Infinity
[*] 854 0 Infinity
[*] 855 17 58.8235294117647
[*] 856 0 Infinity
[*] 857 1 1000.0
[*] 858 0 Infinity
[*] 859 0 Infinity
[*] 860 0 Infinity
[*] 861 0 Infinity
[*] 862 0 Infinity
[*] 863 0 Infinity
[*] 864 0 Infinity
[*] 865 0 Infinity
[*] 866 169 5.9171597633136095
[*] 867 0 Infinity
[*] 868 0 Infinity
[*] 869 36 27.77777777777778
[*] 870 0 Infinity
[*] 871 0 Infinity
[*] 872 366 2.73224043715847
[*] 873 0 Infinity
[*] 874 0 Infinity
[*] 875 0 Infinity
[*] 876 0 Infinity
[*] 877 0 Infinity
[*] 878 0 Infinity
[*] 879 0 Infinity
[*] 880 0 Infinity
[*] 881 0 Infinity
[*] 882 0 Infinity
[*] 883 0 Infinity
[*] 884 0 Infinity
[*] 885 0 Infinity
[*] 886 0 Infinity
[*] 887 30 33.333333333333336
[*] 888 0 Infinity
[*] 889 0 Infinity
[*] 890 0 Infinity
[*] 891 0 Infinity
[*] 892 0 Infinity
[*] 893 0 Infinity
[*] 894 226 4.424778761061947
[*] 895 0 Infinity
[*] 896 0 Infinity
[*] 897 150 6.666666666666667
[*] 898 0 Infinity
[*] 899 0 Infinity
[*] 900 185 5.405405405405405
[*] 901 301 3.3222591362126246
[*] 902 0 Infinity
[*] 903 0 Infinity
[*] 904 0 Infinity
[*] 905 0 Infinity
[*] 906 0 Infinity
[*] 907 0 Infinity
[*] 908 0 Infinity
[*] 909 0 Infinity
[*] 910 0 Infinity
[*] 911 0 Infinity
[*] 912 9 111.11111111111111
[*] 913 0 Infinity
[*] 914 0 Infinity
[*] 915 89 11.235955056179776
[*] 916 0 Infinity
[*] 917 0 Infinity
[*] 918 0 Infinity
[*] 919 133 7.518796992481203
[*] 920 0 Infinity
[*] 921 1 1000.0
[*] 922 0 Infinity
[*] 923 0 Infinity
[*] 924 0 Infinity
[*] 925 0 Infinity
[*] 926 0 Infinity
[*] 927 0 Infinity
[*] 928 0 Infinity
[*] 929 0 Infinity
[*] 930 2 500.0
[*] 931 0 Infinity
[*] 932 0 Infinity
[*] 933 173 5.780346820809249
[*] 934 0 Infinity
[*] 935 0 Infinity
[*] 936 239 4.184100418410042
[*] 937 0 Infinity
[*] 938 0 Infinity
[*] 939 0 Infinity
[*] 940 0 Infinity
[*] 941 0 Infinity
[*] 942 0 Infinity
[*] 943 0 Infinity
[*] 944 0 Infinity
[*] 945 0 Infinity
[*] 946 0 Infinity
[*] 947 0 Infinity
[*] 948 0 Infinity
[*] 949 0 Infinity
[*] 950 0 Infinity
[*] 951 50 20.0
[*] 952 0 Infinity
[*] 953 0 Infinity
[*] 954 0 Infinity
[*] 955 0 Infinity
[*] 956 0 Infinity
[*] 957 0 Infinity
[*] 958 246 4.065040650406504
[*] 959 0 Infinity
[*] 960 0 Infinity
[*] 961 150 6.666666666666667
[*] 962 0 Infinity
[*] 963 0 Infinity
[*] 964 0 Infinity
[*] 965 534 1.8726591760299625
[*] 966 0 Infinity
[*] 967 0 Infinity
[*] 968 0 Infinity
[*] 969 0 Infinity
[*] 970 0 Infinity
[*] 971 39 25.641025641025642
[*] 972 0 Infinity
[*] 973 0 Infinity
[*] 974 0 Infinity
[*] 975 0 Infinity
[*] 976 0 Infinity
[*] 977 0 Infinity
[*] 978 0 Infinity
[*] 979 95 10.526315789473685
[*] 980 0 Infinity
[*] 981 0 Infinity
[*] 982 0 Infinity
[*] 983 19 52.63157894736842
[*] 984 0 Infinity
[*] 985 0 Infinity
[*] 986 0 Infinity
[*] 987 0 Infinity
[*] 988 0 Infinity
[*] 989 0 Infinity
[*] 990 0 Infinity
[*] 991 1 1000.0
[*] 992 0 Infinity
[*] 993 0 Infinity
[*] 994 174 5.747126436781609
[*] 995 0 Infinity
[*] 996 0 Infinity
[*] 997 39 25.641025641025642
[*] 998 0 Infinity
[*] 999 0 Infinity
[*] 1000 393 2.544529262086514
[*] 1001 0 Infinity
[*] 1002 0 Infinity
[*] 1003 0 Infinity
[*] 1004 0 Infinity
[*] 1005 0 Infinity
[*] 1006 0 Infinity
[*] 1007 0 Infinity
[*] 1008 0 Infinity
[*] 1009 0 Infinity
[*] 1010 0 Infinity
[*] 1011 0 Infinity
[*] 1012 0 Infinity
[*] 1013 0 Infinity
[*] 1014 0 Infinity
[*] 1015 44 22.727272727272727
[*] 1016 0 Infinity
[*] 1017 0 Infinity
[*] 1018 0 Infinity
[*] 1019 0 Infinity
[*] 1020 0 Infinity
[*] 1021 0 Infinity
[*] 1022 335 2.985074626865672
[*] 1023 0 Infinity
[*] 1024 0 Infinity
[*] 1025 0 Infinity
[*] 1026 0 Infinity
[*] 1027 0 Infinity
[*] 1028 0 Infinity
[*] 1029 176 5.681818181818182
[*] 1030 0 Infinity
[*] 1031 63 15.873015873015873
[*] 1032 0 Infinity
[*] 1033 0 Infinity
[*] 1034 0 Infinity
[*] 1035 216 4.62962962962963
[*] 1036 0 Infinity
[*] 1037 0 Infinity
[*] 1038 94 10.638297872340425
[*] 1039 0 Infinity
[*] 1040 0 Infinity
[*] 1041 0 Infinity
[*] 1042 0 Infinity
[*] 1043 190 5.2631578947368425
[*] 1044 0 Infinity
[*] 1045 0 Infinity
[*] 1046 0 Infinity
[*] 1047 0 Infinity
[*] 1048 0 Infinity
[*] 1049 0 Infinity
[*] 1050 0 Infinity
[*] 1051 0 Infinity
[*] 1052 0 Infinity
[*] 1053 0 Infinity
[*] 1054 0 Infinity
[*] 1055 0 Infinity
[*] 1056 0 Infinity
[*] 1057 0 Infinity
[*] 1058 54 18.51851851851852
[*] 1059 0 Infinity
[*] 1060 0 Infinity
[*] 1061 142 7.042253521126761
[*] 1062 0 Infinity
[*] 1063 0 Infinity
[*] 1064 332 3.0120481927710845
[*] 1065 0 Infinity
[*] 1066 0 Infinity
[*] 1067 0 Infinity
[*] 1068 0 Infinity
[*] 1069 0 Infinity
[*] 1070 0 Infinity
[*] 1071 0 Infinity
[*] 1072 0 Infinity
[*] 1073 0 Infinity
[*] 1074 0 Infinity
[*] 1075 0 Infinity
[*] 1076 0 Infinity
[*] 1077 0 Infinity
[*] 1078 0 Infinity
[*] 1079 0 Infinity
[*] 1080 0 Infinity
[*] 1081 0 Infinity
[*] 1082 1 1000.0
[*] 1083 0 Infinity
[*] 1084 0 Infinity
[*] 1085 0 Infinity
[*] 1086 54 18.51851851851852
[*] 1087 0 Infinity
[*] 1088 0 Infinity
[*] 1089 144 6.944444444444445
[*] 1090 0 Infinity
[*] 1091 0 Infinity
[*] 1092 71 14.084507042253522
[*] 1093 288 3.4722222222222223
[*] 1094 0 Infinity
[*] 1095 0 Infinity
[*] 1096 0 Infinity
[*] 1097 0 Infinity
[*] 1098 0 Infinity
[*] 1099 8 125.0
[*] 1100 0 Infinity
[*] 1101 0 Infinity
[*] 1102 197 5.0761421319796955
[*] 1103 1 1000.0
[*] 1104 0 Infinity
[*] 1105 0 Infinity
[*] 1106 0 Infinity
[*] 1107 617 1.6207455429497568
[*] 1108 0 Infinity
[*] 1109 0 Infinity
[*] 1110 0 Infinity
[*] 1111 0 Infinity
[*] 1112 0 Infinity
[*] 1113 0 Infinity
[*] 1114 0 Infinity
[*] 1115 0 Infinity
[*] 1116 0 Infinity
[*] 1117 0 Infinity
[*] 1118 0 Infinity
[*] 1119 0 Infinity
[*] 1120 0 Infinity
[*] 1121 0 Infinity
[*] 1122 0 Infinity
[*] 1123 0 Infinity
[*] 1124 0 Infinity
[*] 1125 0 Infinity
[*] 1126 0 Infinity
[*] 1127 0 Infinity
[*] 1128 194 5.154639175257732
[*] 1129 0 Infinity
[*] 1130 0 Infinity
[*] 1131 0 Infinity
[*] 1132 0 Infinity
[*] 1133 0 Infinity
[*] 1134 0 Infinity
[*] 1135 0 Infinity
[*] 1136 0 Infinity
[*] 1137 0 Infinity
[*] 1138 0 Infinity
[*] 1139 0 Infinity
[*] 1140 0 Infinity
[*] 1141 0 Infinity
[*] 1142 0 Infinity
[*] 1143 0 Infinity
[*] 1144 0 Infinity
[*] 1145 0 Infinity
[*] 1146 0 Infinity
[*] 1147 0 Infinity
[*] 1148 0 Infinity
[*] 1149 0 Infinity
[*] 1150 206 4.854368932038835
[*] 1151 1 1000.0
[*] 1152 0 Infinity
[*] 1153 37 27.027027027027028
[*] 1154 0 Infinity
[*] 1155 0 Infinity
[*] 1156 0 Infinity
[*] 1157 141 7.092198581560283
[*] 1158 0 Infinity
[*] 1159 0 Infinity
[*] 1160 0 Infinity
[*] 1161 0 Infinity
[*] 1162 40 25.0
[*] 1163 224 4.464285714285714
[*] 1164 0 Infinity
[*] 1165 0 Infinity
[*] 1166 0 Infinity
[*] 1167 0 Infinity
[*] 1168 62 16.129032258064516
[*] 1169 0 Infinity
[*] 1170 0 Infinity
[*] 1171 624 1.6025641025641026
[*] 1172 0 Infinity
[*] 1173 0 Infinity
[*] 1174 0 Infinity
[*] 1175 0 Infinity
[*] 1176 0 Infinity
[*] 1177 0 Infinity
[*] 1178 0 Infinity
[*] 1179 0 Infinity
[*] 1180 0 Infinity
[*] 1181 0 Infinity
[*] 1182 0 Infinity
[*] 1183 0 Infinity
[*] 1184 0 Infinity
[*] 1185 0 Infinity
[*] 1186 0 Infinity
[*] 1187 0 Infinity
[*] 1188 0 Infinity
[*] 1189 0 Infinity
[*] 1190 0 Infinity
[*] 1191 0 Infinity
[*] 1192 4 250.0
[*] 1193 0 Infinity
[*] 1194 0 Infinity
[*] 1195 0 Infinity
[*] 1196 0 Infinity
[*] 1197 0 Infinity
[*] 1198 0 Infinity
[*] 1199 0 Infinity
[*] 1200 0 Infinity
[*] 1201 0 Infinity
[*] 1202 0 Infinity
[*] 1203 0 Infinity
[*] 1204 0 Infinity
[*] 1205 0 Infinity
[*] 1206 0 Infinity
[*] 1207 0 Infinity
[*] 1208 0 Infinity
[*] 1209 42 23.80952380952381
[*] 1210 0 Infinity
[*] 1211 0 Infinity
[*] 1212 0 Infinity
[*] 1213 0 Infinity
[*] 1214 146 6.8493150684931505
[*] 1215 0 Infinity
[*] 1216 0 Infinity
[*] 1217 274 3.6496350364963503
[*] 1218 0 Infinity
[*] 1219 0 Infinity
[*] 1220 0 Infinity
[*] 1221 235 4.25531914893617
[*] 1222 0 Infinity
[*] 1223 0 Infinity
[*] 1224 0 Infinity
[*] 1225 0 Infinity
[*] 1226 0 Infinity
[*] 1227 0 Infinity
[*] 1228 0 Infinity
[*] 1229 0 Infinity
[*] 1230 123 8.130081300813009
[*] 1231 0 Infinity
[*] 1232 0 Infinity
[*] 1233 1 1000.0
[*] 1234 0 Infinity
[*] 1235 887 1.1273957158962795
[*] 1236 0 Infinity
[*] 1237 0 Infinity
[*] 1238 0 Infinity
[*] 1239 0 Infinity
[*] 1240 0 Infinity
[*] 1241 0 Infinity
[*] 1242 0 Infinity
[*] 1243 0 Infinity
[*] 1244 0 Infinity
[*] 1245 0 Infinity
[*] 1246 0 Infinity
[*] 1247 0 Infinity
[*] 1248 0 Infinity
[*] 1249 0 Infinity
[*] 1250 0 Infinity
[*] 1251 0 Infinity
[*] 1252 0 Infinity
[*] 1253 0 Infinity
[*] 1254 0 Infinity
[*] 1255 0 Infinity
[*] 1256 0 Infinity
[*] 1257 0 Infinity
[*] 1258 0 Infinity
[*] 1259 0 Infinity
[*] 1260 0 Infinity
[*] 1261 0 Infinity
[*] 1262 0 Infinity
[*] 1263 0 Infinity
[*] 1264 0 Infinity
[*] 1265 0 Infinity
[*] 1266 0 Infinity
[*] 1267 0 Infinity
[*] 1268 0 Infinity
[*] 1269 0 Infinity
[*] 1270 1 1000.0
[*] 1271 0 Infinity
[*] 1272 0 Infinity
[*] 1273 0 Infinity
[*] 1274 0 Infinity
[*] 1275 0 Infinity
[*] 1276 0 Infinity
[*] 1277 0 Infinity
[*] 1278 116 8.620689655172415
[*] 1279 0 Infinity
[*] 1280 0 Infinity
[*] 1281 228 4.385964912280702
[*] 1282 0 Infinity
[*] 1283 0 Infinity
[*] 1284 0 Infinity
[*] 1285 0 Infinity
[*] 1286 0 Infinity
[*] 1287 0 Infinity
[*] 1288 0 Infinity
[*] 1289 0 Infinity
[*] 1290 0 Infinity
[*] 1291 208 4.8076923076923075
[*] 1292 0 Infinity
[*] 1293 0 Infinity
[*] 1294 0 Infinity
[*] 1295 0 Infinity
[*] 1296 7 142.85714285714286
[*] 1297 0 Infinity
[*] 1298 0 Infinity
[*] 1299 795 1.2578616352201257
[*] 1300 0 Infinity
[*] 1301 0 Infinity
[*] 1302 0 Infinity
[*] 1303 0 Infinity
[*] 1304 0 Infinity
[*] 1305 0 Infinity
[*] 1306 0 Infinity
[*] 1307 0 Infinity
[*] 1308 0 Infinity
[*] 1309 0 Infinity
[*] 1310 0 Infinity
[*] 1311 0 Infinity
[*] 1312 0 Infinity
[*] 1313 0 Infinity
[*] 1314 0 Infinity
[*] 1315 0 Infinity
[*] 1316 0 Infinity
[*] 1317 0 Infinity
[*] 1318 0 Infinity
[*] 1319 0 Infinity
[*] 1320 0 Infinity
[*] 1321 0 Infinity
[*] 1322 0 Infinity
[*] 1323 0 Infinity
[*] 1324 0 Infinity
[*] 1325 0 Infinity
[*] 1326 0 Infinity
[*] 1327 0 Infinity
[*] 1328 0 Infinity
[*] 1329 0 Infinity
[*] 1330 0 Infinity
[*] 1331 0 Infinity
[*] 1332 0 Infinity
[*] 1333 0 Infinity
[*] 1334 0 Infinity
[*] 1335 35 28.571428571428573
[*] 1336 0 Infinity
[*] 1337 0 Infinity
[*] 1338 0 Infinity
[*] 1339 0 Infinity
[*] 1340 0 Infinity
[*] 1341 0 Infinity
[*] 1342 7 142.85714285714286
[*] 1343 0 Infinity
[*] 1344 0 Infinity
[*] 1345 224 4.464285714285714
[*] 1346 0 Infinity
[*] 1347 0 Infinity
[*] 1348 0 Infinity
[*] 1349 177 5.649717514124294
[*] 1350 0 Infinity
[*] 1351 0 Infinity
[*] 1352 0 Infinity
[*] 1353 0 Infinity
[*] 1354 0 Infinity
[*] 1355 64 15.625
[*] 1356 0 Infinity
[*] 1357 0 Infinity
[*] 1358 76 13.157894736842104
[*] 1359 0 Infinity
[*] 1360 0 Infinity
[*] 1361 83 12.048192771084338
[*] 1362 0 Infinity
[*] 1363 861 1.1614401858304297
[*] 1364 0 Infinity
[*] 1365 0 Infinity
[*] 1366 0 Infinity
[*] 1367 0 Infinity
[*] 1368 0 Infinity
[*] 1369 0 Infinity
[*] 1370 0 Infinity
[*] 1371 0 Infinity
[*] 1372 0 Infinity
[*] 1373 0 Infinity
[*] 1374 0 Infinity
[*] 1375 0 Infinity
[*] 1376 0 Infinity
[*] 1377 0 Infinity
[*] 1378 0 Infinity
[*] 1379 0 Infinity
[*] 1380 0 Infinity
[*] 1381 0 Infinity
[*] 1382 0 Infinity
[*] 1383 0 Infinity
[*] 1384 0 Infinity
[*] 1385 0 Infinity
[*] 1386 0 Infinity
[*] 1387 0 Infinity
[*] 1388 0 Infinity
[*] 1389 0 Infinity
[*] 1390 0 Infinity
[*] 1391 0 Infinity
[*] 1392 0 Infinity
[*] 1393 0 Infinity
[*] 1394 0 Infinity
[*] 1395 0 Infinity
[*] 1396 0 Infinity
[*] 1397 0 Infinity
[*] 1398 0 Infinity
[*] 1399 72 13.88888888888889
[*] 1400 0 Infinity
[*] 1401 0 Infinity
[*] 1402 0 Infinity
[*] 1403 0 Infinity
[*] 1404 0 Infinity
[*] 1405 0 Infinity
[*] 1406 36 27.77777777777778
[*] 1407 0 Infinity
[*] 1408 0 Infinity
[*] 1409 103 9.70873786407767
[*] 1410 0 Infinity
[*] 1411 0 Infinity
[*] 1412 0 Infinity
[*] 1413 63 15.873015873015873
[*] 1414 0 Infinity
[*] 1415 0 Infinity
[*] 1416 0 Infinity
[*] 1417 0 Infinity
[*] 1418 0 Infinity
[*] 1419 49 20.408163265306122
[*] 1420 0 Infinity
[*] 1421 0 Infinity
[*] 1422 28 35.714285714285715
[*] 1423 0 Infinity
[*] 1424 117 8.547008547008547
[*] 1425 36 27.77777777777778
[*] 1426 0 Infinity
[*] 1427 781 1.2804097311139564
[*] 1428 0 Infinity
[*] 1429 0 Infinity
[*] 1430 0 Infinity
[*] 1431 0 Infinity
[*] 1432 0 Infinity
[*] 1433 0 Infinity
[*] 1434 0 Infinity
[*] 1435 0 Infinity
[*] 1436 0 Infinity
[*] 1437 0 Infinity
[*] 1438 0 Infinity
[*] 1439 0 Infinity
[*] 1440 0 Infinity
[*] 1441 0 Infinity
[*] 1442 0 Infinity
[*] 1443 0 Infinity
[*] 1444 0 Infinity
[*] 1445 0 Infinity
[*] 1446 0 Infinity
[*] 1447 0 Infinity
[*] 1448 0 Infinity
[*] 1449 0 Infinity
[*] 1450 0 Infinity
[*] 1451 0 Infinity
[*] 1452 0 Infinity
[*] 1453 0 Infinity
[*] 1454 0 Infinity
[*] 1455 0 Infinity
[*] 1456 0 Infinity
[*] 1457 0 Infinity
[*] 1458 0 Infinity
[*] 1459 0 Infinity
[*] 1460 0 Infinity
[*] 1461 0 Infinity
[*] 1462 0 Infinity
[*] 1463 96 10.416666666666666
[*] 1464 0 Infinity
[*] 1465 0 Infinity
[*] 1466 0 Infinity
[*] 1467 0 Infinity
[*] 1468 0 Infinity
[*] 1469 0 Infinity
[*] 1470 49 20.408163265306122
[*] 1471 0 Infinity
[*] 1472 0 Infinity
[*] 1473 90 11.11111111111111
[*] 1474 0 Infinity
[*] 1475 0 Infinity
[*] 1476 0 Infinity
[*] 1477 66 15.151515151515152
[*] 1478 0 Infinity
[*] 1479 8 125.0
[*] 1480 0 Infinity
[*] 1481 0 Infinity
[*] 1482 135 7.407407407407407
[*] 1483 61 16.39344262295082
[*] 1484 0 Infinity
[*] 1485 0 Infinity
[*] 1486 8 125.0
[*] 1487 0 Infinity
[*] 1488 0 Infinity
[*] 1489 249 4.016064257028113
[*] 1490 0 Infinity
[*] 1491 743 1.3458950201884252
[*] 1492 0 Infinity
[*] 1493 0 Infinity
[*] 1494 0 Infinity
[*] 1495 0 Infinity
[*] 1496 0 Infinity
[*] 1497 0 Infinity
[*] 1498 0 Infinity
[*] 1499 0 Infinity
[*] 1500 0 Infinity
[*] 1501 0 Infinity
[*] 1502 0 Infinity
[*] 1503 0 Infinity
[*] 1504 0 Infinity
[*] 1505 0 Infinity
[*] 1506 0 Infinity
[*] 1507 0 Infinity
[*] 1508 0 Infinity
[*] 1509 0 Infinity
[*] 1510 0 Infinity
[*] 1511 0 Infinity
[*] 1512 48 20.833333333333332
[*] 1513 0 Infinity
[*] 1514 0 Infinity
[*] 1515 0 Infinity
[*] 1516 0 Infinity
[*] 1517 0 Infinity
[*] 1518 0 Infinity
[*] 1519 0 Infinity
[*] 1520 0 Infinity
[*] 1521 0 Infinity
[*] 1522 0 Infinity
[*] 1523 0 Infinity
[*] 1524 0 Infinity
[*] 1525 0 Infinity
[*] 1526 0 Infinity
[*] 1527 0 Infinity
[*] 1528 0 Infinity
[*] 1529 0 Infinity
[*] 1530 0 Infinity
[*] 1531 0 Infinity
[*] 1532 0 Infinity
[*] 1533 0 Infinity
[*] 1534 165 6.0606060606060606
[*] 1535 0 Infinity
[*] 1536 0 Infinity
[*] 1537 295 3.389830508474576
[*] 1538 0 Infinity
[*] 1539 0 Infinity
[*] 1540 0 Infinity
[*] 1541 0 Infinity
[*] 1542 0 Infinity
[*] 1543 0 Infinity
[*] 1544 0 Infinity
[*] 1545 1 1000.0
[*] 1546 0 Infinity
[*] 1547 0 Infinity
[*] 1548 0 Infinity
[*] 1549 0 Infinity
[*] 1550 0 Infinity
[*] 1551 0 Infinity
[*] 1552 0 Infinity
[*] 1553 85 11.764705882352942
[*] 1554 0 Infinity
[*] 1555 758 1.3192612137203166
[*] 1556 0 Infinity
[*] 1557 0 Infinity
[*] 1558 0 Infinity
[*] 1559 0 Infinity
[*] 1560 0 Infinity
[*] 1561 0 Infinity
[*] 1562 0 Infinity
[*] 1563 0 Infinity
[*] 1564 0 Infinity
[*] 1565 0 Infinity
[*] 1566 0 Infinity
[*] 1567 0 Infinity
[*] 1568 0 Infinity
[*] 1569 0 Infinity
[*] 1570 0 Infinity
[*] 1571 0 Infinity
[*] 1572 0 Infinity
[*] 1573 0 Infinity
[*] 1574 0 Infinity
[*] 1575 0 Infinity
[*] 1576 4 250.0
[*] 1577 0 Infinity
[*] 1578 0 Infinity
[*] 1579 0 Infinity
[*] 1580 0 Infinity
[*] 1581 0 Infinity
[*] 1582 0 Infinity
[*] 1583 0 Infinity
[*] 1584 0 Infinity
[*] 1585 0 Infinity
[*] 1586 0 Infinity
[*] 1587 0 Infinity
[*] 1588 0 Infinity
[*] 1589 0 Infinity
[*] 1590 0 Infinity
[*] 1591 0 Infinity
[*] 1592 0 Infinity
[*] 1593 2 500.0
[*] 1594 0 Infinity
[*] 1595 0 Infinity
[*] 1596 0 Infinity
[*] 1597 0 Infinity
[*] 1598 373 2.680965147453083
[*] 1599 0 Infinity
[*] 1600 0 Infinity
[*] 1601 89 11.235955056179776
[*] 1602 0 Infinity
[*] 1603 0 Infinity
[*] 1604 0 Infinity
[*] 1605 0 Infinity
[*] 1606 0 Infinity
[*] 1607 0 Infinity
[*] 1608 0 Infinity
[*] 1609 0 Infinity
[*] 1610 0 Infinity
[*] 1611 0 Infinity
[*] 1612 0 Infinity
[*] 1613 0 Infinity
[*] 1614 0 Infinity
[*] 1615 0 Infinity
[*] 1616 0 Infinity
[*] 1617 246 4.065040650406504
[*] 1618 0 Infinity
[*] 1619 761 1.314060446780552
[*] 1620 0 Infinity
[*] 1621 0 Infinity
[*] 1622 0 Infinity
[*] 1623 0 Infinity
[*] 1624 0 Infinity
[*] 1625 0 Infinity
[*] 1626 0 Infinity
[*] 1627 0 Infinity
[*] 1628 0 Infinity
[*] 1629 0 Infinity
[*] 1630 0 Infinity
[*] 1631 0 Infinity
[*] 1632 0 Infinity
[*] 1633 0 Infinity
[*] 1634 0 Infinity
[*] 1635 0 Infinity
[*] 1636 0 Infinity
[*] 1637 0 Infinity
[*] 1638 0 Infinity
[*] 1639 0 Infinity
[*] 1640 0 Infinity
[*] 1641 0 Infinity
[*] 1642 0 Infinity
[*] 1643 0 Infinity
[*] 1644 0 Infinity
[*] 1645 0 Infinity
[*] Overall gap: 24 ms.
[*] Overall fps: 39.89322979859258
45.22 0 0
45.22 0 0
[*] Statistic for 128: counter (Counter)
[*] Processed 1645 images
[*]  - Total time      : 44514 ms.
[*]  - Processing time : 0 ms.
[*]  - Idle time       : 44514 ms. (100%)
[*]  - Avg. proc. time : 0 ms/image.
[*]
[*]  - Data in         : 204.30 MB
[*]  - Data out        : 0.00 B
[*]
[*] - Avg. size in    : 127.17 KB/image.
[*] - Avg. size out   : 0.00 B/image.
[*]  - Overall rate in : 38.50 MBit/sec.
[*]  - Overall rate out: 0.00 Bit/sec.
[*]  - Done : true
[*] Queue: compress[0,1,2,3,4,5,6,7,8,9,10,11,12,13,14,15,16,17,18,19,20,21,22,23,24,25,26,27,28,29,30,31,32,33,34,35,36,37,38,39,40,41,42,43,44,45,46,47,48,49,50,51,52,53,54,55,56,57,58,59,60,61,62,63]->counter[0].0
[*]   len: 5
[*]   put: 26
[*] block: 0
[*]  time: 0
[*]   get: 26
[*] block: 25
[*]  time: 10613
[*] Queue: compress[0,1,2,3,4,5,6,7,8,9,10,11,12,13,14,15,16,17,18,19,20,21,22,23,24,25,26,27,28,29,30,31,32,33,34,35,36,37,38,39,40,41,42,43,44,45,46,47,48,49,50,51,52,53,54,55,56,57,58,59,60,61,62,63]->counter[0].1
[*]   len: 5
[*]   put: 26
[*] block: 0
[*]  time: 0
[*]   get: 26
[*] block: 0
[*]  time: 0
[*] Queue: compress[0,1,2,3,4,5,6,7,8,9,10,11,12,13,14,15,16,17,18,19,20,21,22,23,24,25,26,27,28,29,30,31,32,33,34,35,36,37,38,39,40,41,42,43,44,45,46,47,48,49,50,51,52,53,54,55,56,57,58,59,60,61,62,63]->counter[0].2
[*]   len: 5
[*]   put: 26
[*] block: 0
[*]  time: 0
[*]   get: 26
[*] block: 0
[*]  time: 0
[*] Queue: compress[0,1,2,3,4,5,6,7,8,9,10,11,12,13,14,15,16,17,18,19,20,21,22,23,24,25,26,27,28,29,30,31,32,33,34,35,36,37,38,39,40,41,42,43,44,45,46,47,48,49,50,51,52,53,54,55,56,57,58,59,60,61,62,63]->counter[0].3
[*]   len: 5
[*]   put: 26
[*] block: 0
[*]  time: 0
[*]   get: 26
[*] block: 13
[*]  time: 1271
[*] Queue: compress[0,1,2,3,4,5,6,7,8,9,10,11,12,13,14,15,16,17,18,19,20,21,22,23,24,25,26,27,28,29,30,31,32,33,34,35,36,37,38,39,40,41,42,43,44,45,46,47,48,49,50,51,52,53,54,55,56,57,58,59,60,61,62,63]->counter[0].4
[*]   len: 5
[*]   put: 26
[*] block: 0
[*]  time: 0
[*]   get: 26
[*] block: 23
[*]  time: 7742
[*] Queue: compress[0,1,2,3,4,5,6,7,8,9,10,11,12,13,14,15,16,17,18,19,20,21,22,23,24,25,26,27,28,29,30,31,32,33,34,35,36,37,38,39,40,41,42,43,44,45,46,47,48,49,50,51,52,53,54,55,56,57,58,59,60,61,62,63]->counter[0].5
[*]   len: 5
[*]   put: 26
[*] block: 0
[*]  time: 0
[*]   get: 26
[*] block: 0
[*]  time: 0
[*] Queue: compress[0,1,2,3,4,5,6,7,8,9,10,11,12,13,14,15,16,17,18,19,20,21,22,23,24,25,26,27,28,29,30,31,32,33,34,35,36,37,38,39,40,41,42,43,44,45,46,47,48,49,50,51,52,53,54,55,56,57,58,59,60,61,62,63]->counter[0].6
[*]   len: 5
[*]   put: 26
[*] block: 0
[*]  time: 0
[*]   get: 26
[*] block: 8
[*]  time: 1232
[*] Queue: compress[0,1,2,3,4,5,6,7,8,9,10,11,12,13,14,15,16,17,18,19,20,21,22,23,24,25,26,27,28,29,30,31,32,33,34,35,36,37,38,39,40,41,42,43,44,45,46,47,48,49,50,51,52,53,54,55,56,57,58,59,60,61,62,63]->counter[0].7
[*]   len: 5
[*]   put: 26
[*] block: 0
[*]  time: 0
[*]   get: 26
[*] block: 0
[*]  time: 0
[*] Queue: compress[0,1,2,3,4,5,6,7,8,9,10,11,12,13,14,15,16,17,18,19,20,21,22,23,24,25,26,27,28,29,30,31,32,33,34,35,36,37,38,39,40,41,42,43,44,45,46,47,48,49,50,51,52,53,54,55,56,57,58,59,60,61,62,63]->counter[0].8
[*]   len: 5
[*]   put: 26
[*] block: 0
[*]  time: 0
[*]   get: 26
[*] block: 0
[*]  time: 0
[*] Queue: compress[0,1,2,3,4,5,6,7,8,9,10,11,12,13,14,15,16,17,18,19,20,21,22,23,24,25,26,27,28,29,30,31,32,33,34,35,36,37,38,39,40,41,42,43,44,45,46,47,48,49,50,51,52,53,54,55,56,57,58,59,60,61,62,63]->counter[0].9
[*]   len: 5
[*]   put: 26
[*] block: 0
[*]  time: 0
[*]   get: 26
[*] block: 2
[*]  time: 175
[*] Queue: compress[0,1,2,3,4,5,6,7,8,9,10,11,12,13,14,15,16,17,18,19,20,21,22,23,24,25,26,27,28,29,30,31,32,33,34,35,36,37,38,39,40,41,42,43,44,45,46,47,48,49,50,51,52,53,54,55,56,57,58,59,60,61,62,63]->counter[0].10
[*]   len: 5
[*]   put: 26
[*] block: 0
[*]  time: 0
[*]   get: 26
[*] block: 9
[*]  time: 881
[*] Queue: compress[0,1,2,3,4,5,6,7,8,9,10,11,12,13,14,15,16,17,18,19,20,21,22,23,24,25,26,27,28,29,30,31,32,33,34,35,36,37,38,39,40,41,42,43,44,45,46,47,48,49,50,51,52,53,54,55,56,57,58,59,60,61,62,63]->counter[0].11
[*]   len: 5
[*]   put: 26
[*] block: 0
[*]  time: 0
[*]   get: 26
[*] block: 0
[*]  time: 0
[*] Queue: compress[0,1,2,3,4,5,6,7,8,9,10,11,12,13,14,15,16,17,18,19,20,21,22,23,24,25,26,27,28,29,30,31,32,33,34,35,36,37,38,39,40,41,42,43,44,45,46,47,48,49,50,51,52,53,54,55,56,57,58,59,60,61,62,63]->counter[0].12
[*]   len: 5
[*]   put: 26
[*] block: 0
[*]  time: 0
[*]   get: 26
[*] block: 0
[*]  time: 0
[*] Queue: compress[0,1,2,3,4,5,6,7,8,9,10,11,12,13,14,15,16,17,18,19,20,21,22,23,24,25,26,27,28,29,30,31,32,33,34,35,36,37,38,39,40,41,42,43,44,45,46,47,48,49,50,51,52,53,54,55,56,57,58,59,60,61,62,63]->counter[0].13
[*]   len: 5
[*]   put: 26
[*] block: 0
[*]  time: 0
[*]   get: 26
[*] block: 6
[*]  time: 526
[*] Queue: compress[0,1,2,3,4,5,6,7,8,9,10,11,12,13,14,15,16,17,18,19,20,21,22,23,24,25,26,27,28,29,30,31,32,33,34,35,36,37,38,39,40,41,42,43,44,45,46,47,48,49,50,51,52,53,54,55,56,57,58,59,60,61,62,63]->counter[0].14
[*]   len: 5
[*]   put: 26
[*] block: 0
[*]  time: 0
[*]   get: 26
[*] block: 0
[*]  time: 0
[*] Queue: compress[0,1,2,3,4,5,6,7,8,9,10,11,12,13,14,15,16,17,18,19,20,21,22,23,24,25,26,27,28,29,30,31,32,33,34,35,36,37,38,39,40,41,42,43,44,45,46,47,48,49,50,51,52,53,54,55,56,57,58,59,60,61,62,63]->counter[0].15
[*]   len: 5
[*]   put: 26
[*] block: 0
[*]  time: 0
[*]   get: 26
[*] block: 11
[*]  time: 883
[*] Queue: compress[0,1,2,3,4,5,6,7,8,9,10,11,12,13,14,15,16,17,18,19,20,21,22,23,24,25,26,27,28,29,30,31,32,33,34,35,36,37,38,39,40,41,42,43,44,45,46,47,48,49,50,51,52,53,54,55,56,57,58,59,60,61,62,63]->counter[0].16
[*]   len: 5
[*]   put: 26
[*] block: 0
[*]  time: 0
[*]   get: 26
[*] block: 6
[*]  time: 700
[*] Queue: compress[0,1,2,3,4,5,6,7,8,9,10,11,12,13,14,15,16,17,18,19,20,21,22,23,24,25,26,27,28,29,30,31,32,33,34,35,36,37,38,39,40,41,42,43,44,45,46,47,48,49,50,51,52,53,54,55,56,57,58,59,60,61,62,63]->counter[0].17
[*]   len: 5
[*]   put: 26
[*] block: 0
[*]  time: 0
[*]   get: 26
[*] block: 0
[*]  time: 0
[*] Queue: compress[0,1,2,3,4,5,6,7,8,9,10,11,12,13,14,15,16,17,18,19,20,21,22,23,24,25,26,27,28,29,30,31,32,33,34,35,36,37,38,39,40,41,42,43,44,45,46,47,48,49,50,51,52,53,54,55,56,57,58,59,60,61,62,63]->counter[0].18
[*]   len: 5
[*]   put: 26
[*] block: 0
[*]  time: 0
[*]   get: 26
[*] block: 15
[*]  time: 7371
[*] Queue: compress[0,1,2,3,4,5,6,7,8,9,10,11,12,13,14,15,16,17,18,19,20,21,22,23,24,25,26,27,28,29,30,31,32,33,34,35,36,37,38,39,40,41,42,43,44,45,46,47,48,49,50,51,52,53,54,55,56,57,58,59,60,61,62,63]->counter[0].19
[*]   len: 5
[*]   put: 26
[*] block: 0
[*]  time: 0
[*]   get: 26
[*] block: 0
[*]  time: 0
[*] Queue: compress[0,1,2,3,4,5,6,7,8,9,10,11,12,13,14,15,16,17,18,19,20,21,22,23,24,25,26,27,28,29,30,31,32,33,34,35,36,37,38,39,40,41,42,43,44,45,46,47,48,49,50,51,52,53,54,55,56,57,58,59,60,61,62,63]->counter[0].20
[*]   len: 5
[*]   put: 26
[*] block: 0
[*]  time: 0
[*]   get: 26
[*] block: 0
[*]  time: 0
[*] Queue: compress[0,1,2,3,4,5,6,7,8,9,10,11,12,13,14,15,16,17,18,19,20,21,22,23,24,25,26,27,28,29,30,31,32,33,34,35,36,37,38,39,40,41,42,43,44,45,46,47,48,49,50,51,52,53,54,55,56,57,58,59,60,61,62,63]->counter[0].21
[*]   len: 5
[*]   put: 26
[*] block: 0
[*]  time: 0
[*]   get: 26
[*] block: 0
[*]  time: 0
[*] Queue: compress[0,1,2,3,4,5,6,7,8,9,10,11,12,13,14,15,16,17,18,19,20,21,22,23,24,25,26,27,28,29,30,31,32,33,34,35,36,37,38,39,40,41,42,43,44,45,46,47,48,49,50,51,52,53,54,55,56,57,58,59,60,61,62,63]->counter[0].22
[*]   len: 5
[*]   put: 26
[*] block: 0
[*]  time: 0
[*]   get: 26
[*] block: 8
[*]  time: 531
[*] Queue: compress[0,1,2,3,4,5,6,7,8,9,10,11,12,13,14,15,16,17,18,19,20,21,22,23,24,25,26,27,28,29,30,31,32,33,34,35,36,37,38,39,40,41,42,43,44,45,46,47,48,49,50,51,52,53,54,55,56,57,58,59,60,61,62,63]->counter[0].23
[*]   len: 5
[*]   put: 26
[*] block: 0
[*]  time: 0
[*]   get: 26
[*] block: 0
[*]  time: 0
[*] Queue: compress[0,1,2,3,4,5,6,7,8,9,10,11,12,13,14,15,16,17,18,19,20,21,22,23,24,25,26,27,28,29,30,31,32,33,34,35,36,37,38,39,40,41,42,43,44,45,46,47,48,49,50,51,52,53,54,55,56,57,58,59,60,61,62,63]->counter[0].24
[*]   len: 5
[*]   put: 26
[*] block: 0
[*]  time: 0
[*]   get: 26
[*] block: 0
[*]  time: 0
[*] Queue: compress[0,1,2,3,4,5,6,7,8,9,10,11,12,13,14,15,16,17,18,19,20,21,22,23,24,25,26,27,28,29,30,31,32,33,34,35,36,37,38,39,40,41,42,43,44,45,46,47,48,49,50,51,52,53,54,55,56,57,58,59,60,61,62,63]->counter[0].25
[*]   len: 5
[*]   put: 26
[*] block: 0
[*]  time: 0
[*]   get: 26
[*] block: 0
[*]  time: 0
[*] Queue: compress[0,1,2,3,4,5,6,7,8,9,10,11,12,13,14,15,16,17,18,19,20,21,22,23,24,25,26,27,28,29,30,31,32,33,34,35,36,37,38,39,40,41,42,43,44,45,46,47,48,49,50,51,52,53,54,55,56,57,58,59,60,61,62,63]->counter[0].26
[*]   len: 5
[*]   put: 26
[*] block: 0
[*]  time: 0
[*]   get: 26
[*] block: 0
[*]  time: 0
[*] Queue: compress[0,1,2,3,4,5,6,7,8,9,10,11,12,13,14,15,16,17,18,19,20,21,22,23,24,25,26,27,28,29,30,31,32,33,34,35,36,37,38,39,40,41,42,43,44,45,46,47,48,49,50,51,52,53,54,55,56,57,58,59,60,61,62,63]->counter[0].27
[*]   len: 5
[*]   put: 26
[*] block: 0
[*]  time: 0
[*]   get: 26
[*] block: 0
[*]  time: 0
[*] Queue: compress[0,1,2,3,4,5,6,7,8,9,10,11,12,13,14,15,16,17,18,19,20,21,22,23,24,25,26,27,28,29,30,31,32,33,34,35,36,37,38,39,40,41,42,43,44,45,46,47,48,49,50,51,52,53,54,55,56,57,58,59,60,61,62,63]->counter[0].28
[*]   len: 5
[*]   put: 26
[*] block: 0
[*]  time: 0
[*]   get: 26
[*] block: 0
[*]  time: 0
[*] Queue: compress[0,1,2,3,4,5,6,7,8,9,10,11,12,13,14,15,16,17,18,19,20,21,22,23,24,25,26,27,28,29,30,31,32,33,34,35,36,37,38,39,40,41,42,43,44,45,46,47,48,49,50,51,52,53,54,55,56,57,58,59,60,61,62,63]->counter[0].29
[*]   len: 5
[*]   put: 26
[*] block: 0
[*]  time: 0
[*]   get: 26
[*] block: 0
[*]  time: 0
[*] Queue: compress[0,1,2,3,4,5,6,7,8,9,10,11,12,13,14,15,16,17,18,19,20,21,22,23,24,25,26,27,28,29,30,31,32,33,34,35,36,37,38,39,40,41,42,43,44,45,46,47,48,49,50,51,52,53,54,55,56,57,58,59,60,61,62,63]->counter[0].30
[*]   len: 5
[*]   put: 26
[*] block: 0
[*]  time: 0
[*]   get: 26
[*] block: 0
[*]  time: 0
[*] Queue: compress[0,1,2,3,4,5,6,7,8,9,10,11,12,13,14,15,16,17,18,19,20,21,22,23,24,25,26,27,28,29,30,31,32,33,34,35,36,37,38,39,40,41,42,43,44,45,46,47,48,49,50,51,52,53,54,55,56,57,58,59,60,61,62,63]->counter[0].31
[*]   len: 5
[*]   put: 26
[*] block: 0
[*]  time: 0
[*]   get: 26
[*] block: 0
[*]  time: 0
[*] Queue: compress[0,1,2,3,4,5,6,7,8,9,10,11,12,13,14,15,16,17,18,19,20,21,22,23,24,25,26,27,28,29,30,31,32,33,34,35,36,37,38,39,40,41,42,43,44,45,46,47,48,49,50,51,52,53,54,55,56,57,58,59,60,61,62,63]->counter[0].32
[*]   len: 5
[*]   put: 26
[*] block: 0
[*]  time: 0
[*]   get: 26
[*] block: 1
[*]  time: 13
[*] Queue: compress[0,1,2,3,4,5,6,7,8,9,10,11,12,13,14,15,16,17,18,19,20,21,22,23,24,25,26,27,28,29,30,31,32,33,34,35,36,37,38,39,40,41,42,43,44,45,46,47,48,49,50,51,52,53,54,55,56,57,58,59,60,61,62,63]->counter[0].33
[*]   len: 5
[*]   put: 26
[*] block: 0
[*]  time: 0
[*]   get: 26
[*] block: 6
[*]  time: 660
[*] Queue: compress[0,1,2,3,4,5,6,7,8,9,10,11,12,13,14,15,16,17,18,19,20,21,22,23,24,25,26,27,28,29,30,31,32,33,34,35,36,37,38,39,40,41,42,43,44,45,46,47,48,49,50,51,52,53,54,55,56,57,58,59,60,61,62,63]->counter[0].34
[*]   len: 5
[*]   put: 26
[*] block: 0
[*]  time: 0
[*]   get: 26
[*] block: 0
[*]  time: 0
[*] Queue: compress[0,1,2,3,4,5,6,7,8,9,10,11,12,13,14,15,16,17,18,19,20,21,22,23,24,25,26,27,28,29,30,31,32,33,34,35,36,37,38,39,40,41,42,43,44,45,46,47,48,49,50,51,52,53,54,55,56,57,58,59,60,61,62,63]->counter[0].35
[*]   len: 5
[*]   put: 26
[*] block: 0
[*]  time: 0
[*]   get: 26
[*] block: 0
[*]  time: 0
[*] Queue: compress[0,1,2,3,4,5,6,7,8,9,10,11,12,13,14,15,16,17,18,19,20,21,22,23,24,25,26,27,28,29,30,31,32,33,34,35,36,37,38,39,40,41,42,43,44,45,46,47,48,49,50,51,52,53,54,55,56,57,58,59,60,61,62,63]->counter[0].36
[*]   len: 5
[*]   put: 26
[*] block: 0
[*]  time: 0
[*]   get: 26
[*] block: 11
[*]  time: 1162
[*] Queue: compress[0,1,2,3,4,5,6,7,8,9,10,11,12,13,14,15,16,17,18,19,20,21,22,23,24,25,26,27,28,29,30,31,32,33,34,35,36,37,38,39,40,41,42,43,44,45,46,47,48,49,50,51,52,53,54,55,56,57,58,59,60,61,62,63]->counter[0].37
[*]   len: 5
[*]   put: 26
[*] block: 0
[*]  time: 0
[*]   get: 26
[*] block: 0
[*]  time: 0
[*] Queue: compress[0,1,2,3,4,5,6,7,8,9,10,11,12,13,14,15,16,17,18,19,20,21,22,23,24,25,26,27,28,29,30,31,32,33,34,35,36,37,38,39,40,41,42,43,44,45,46,47,48,49,50,51,52,53,54,55,56,57,58,59,60,61,62,63]->counter[0].38
[*]   len: 5
[*]   put: 26
[*] block: 0
[*]  time: 0
[*]   get: 26
[*] block: 4
[*]  time: 602
[*] Queue: compress[0,1,2,3,4,5,6,7,8,9,10,11,12,13,14,15,16,17,18,19,20,21,22,23,24,25,26,27,28,29,30,31,32,33,34,35,36,37,38,39,40,41,42,43,44,45,46,47,48,49,50,51,52,53,54,55,56,57,58,59,60,61,62,63]->counter[0].39
[*]   len: 5
[*]   put: 26
[*] block: 0
[*]  time: 0
[*]   get: 26
[*] block: 20
[*]  time: 5631
[*] Queue: compress[0,1,2,3,4,5,6,7,8,9,10,11,12,13,14,15,16,17,18,19,20,21,22,23,24,25,26,27,28,29,30,31,32,33,34,35,36,37,38,39,40,41,42,43,44,45,46,47,48,49,50,51,52,53,54,55,56,57,58,59,60,61,62,63]->counter[0].40
[*]   len: 5
[*]   put: 26
[*] block: 0
[*]  time: 0
[*]   get: 26
[*] block: 0
[*]  time: 0
[*] Queue: compress[0,1,2,3,4,5,6,7,8,9,10,11,12,13,14,15,16,17,18,19,20,21,22,23,24,25,26,27,28,29,30,31,32,33,34,35,36,37,38,39,40,41,42,43,44,45,46,47,48,49,50,51,52,53,54,55,56,57,58,59,60,61,62,63]->counter[0].41
[*]   len: 5
[*]   put: 26
[*] block: 0
[*]  time: 0
[*]   get: 26
[*] block: 2
[*]  time: 87
[*] Queue: compress[0,1,2,3,4,5,6,7,8,9,10,11,12,13,14,15,16,17,18,19,20,21,22,23,24,25,26,27,28,29,30,31,32,33,34,35,36,37,38,39,40,41,42,43,44,45,46,47,48,49,50,51,52,53,54,55,56,57,58,59,60,61,62,63]->counter[0].42
[*]   len: 5
[*]   put: 26
[*] block: 0
[*]  time: 0
[*]   get: 26
[*] block: 0
[*]  time: 0
[*] Queue: compress[0,1,2,3,4,5,6,7,8,9,10,11,12,13,14,15,16,17,18,19,20,21,22,23,24,25,26,27,28,29,30,31,32,33,34,35,36,37,38,39,40,41,42,43,44,45,46,47,48,49,50,51,52,53,54,55,56,57,58,59,60,61,62,63]->counter[0].43
[*]   len: 5
[*]   put: 26
[*] block: 0
[*]  time: 0
[*]   get: 26
[*] block: 0
[*]  time: 0
[*] Queue: compress[0,1,2,3,4,5,6,7,8,9,10,11,12,13,14,15,16,17,18,19,20,21,22,23,24,25,26,27,28,29,30,31,32,33,34,35,36,37,38,39,40,41,42,43,44,45,46,47,48,49,50,51,52,53,54,55,56,57,58,59,60,61,62,63]->counter[0].44
[*]   len: 5
[*]   put: 26
[*] block: 0
[*]  time: 0
[*]   get: 26
[*] block: 0
[*]  time: 0
[*] Queue: compress[0,1,2,3,4,5,6,7,8,9,10,11,12,13,14,15,16,17,18,19,20,21,22,23,24,25,26,27,28,29,30,31,32,33,34,35,36,37,38,39,40,41,42,43,44,45,46,47,48,49,50,51,52,53,54,55,56,57,58,59,60,61,62,63]->counter[0].45
[*]   len: 5
[*]   put: 25
[*] block: 0
[*]  time: 0
[*]   get: 25
[*] block: 0
[*]  time: 0
[*] Queue: compress[0,1,2,3,4,5,6,7,8,9,10,11,12,13,14,15,16,17,18,19,20,21,22,23,24,25,26,27,28,29,30,31,32,33,34,35,36,37,38,39,40,41,42,43,44,45,46,47,48,49,50,51,52,53,54,55,56,57,58,59,60,61,62,63]->counter[0].46
[*]   len: 5
[*]   put: 25
[*] block: 0
[*]  time: 0
[*]   get: 25
[*] block: 0
[*]  time: 0
[*] Queue: compress[0,1,2,3,4,5,6,7,8,9,10,11,12,13,14,15,16,17,18,19,20,21,22,23,24,25,26,27,28,29,30,31,32,33,34,35,36,37,38,39,40,41,42,43,44,45,46,47,48,49,50,51,52,53,54,55,56,57,58,59,60,61,62,63]->counter[0].47
[*]   len: 5
[*]   put: 25
[*] block: 0
[*]  time: 0
[*]   get: 25
[*] block: 0
[*]  time: 0
[*] Queue: compress[0,1,2,3,4,5,6,7,8,9,10,11,12,13,14,15,16,17,18,19,20,21,22,23,24,25,26,27,28,29,30,31,32,33,34,35,36,37,38,39,40,41,42,43,44,45,46,47,48,49,50,51,52,53,54,55,56,57,58,59,60,61,62,63]->counter[0].48
[*]   len: 5
[*]   put: 25
[*] block: 0
[*]  time: 0
[*]   get: 25
[*] block: 1
[*]  time: 152
[*] Queue: compress[0,1,2,3,4,5,6,7,8,9,10,11,12,13,14,15,16,17,18,19,20,21,22,23,24,25,26,27,28,29,30,31,32,33,34,35,36,37,38,39,40,41,42,43,44,45,46,47,48,49,50,51,52,53,54,55,56,57,58,59,60,61,62,63]->counter[0].49
[*]   len: 5
[*]   put: 25
[*] block: 0
[*]  time: 0
[*]   get: 25
[*] block: 0
[*]  time: 0
[*] Queue: compress[0,1,2,3,4,5,6,7,8,9,10,11,12,13,14,15,16,17,18,19,20,21,22,23,24,25,26,27,28,29,30,31,32,33,34,35,36,37,38,39,40,41,42,43,44,45,46,47,48,49,50,51,52,53,54,55,56,57,58,59,60,61,62,63]->counter[0].50
[*]   len: 5
[*]   put: 25
[*] block: 0
[*]  time: 0
[*]   get: 25
[*] block: 0
[*]  time: 0
[*] Queue: compress[0,1,2,3,4,5,6,7,8,9,10,11,12,13,14,15,16,17,18,19,20,21,22,23,24,25,26,27,28,29,30,31,32,33,34,35,36,37,38,39,40,41,42,43,44,45,46,47,48,49,50,51,52,53,54,55,56,57,58,59,60,61,62,63]->counter[0].51
[*]   len: 5
[*]   put: 25
[*] block: 0
[*]  time: 0
[*]   get: 25
[*] block: 0
[*]  time: 0
[*] Queue: compress[0,1,2,3,4,5,6,7,8,9,10,11,12,13,14,15,16,17,18,19,20,21,22,23,24,25,26,27,28,29,30,31,32,33,34,35,36,37,38,39,40,41,42,43,44,45,46,47,48,49,50,51,52,53,54,55,56,57,58,59,60,61,62,63]->counter[0].52
[*]   len: 5
[*]   put: 25
[*] block: 0
[*]  time: 0
[*]   get: 25
[*] block: 0
[*]  time: 0
[*] Queue: compress[0,1,2,3,4,5,6,7,8,9,10,11,12,13,14,15,16,17,18,19,20,21,22,23,24,25,26,27,28,29,30,31,32,33,34,35,36,37,38,39,40,41,42,43,44,45,46,47,48,49,50,51,52,53,54,55,56,57,58,59,60,61,62,63]->counter[0].53
[*]   len: 5
[*]   put: 25
[*] block: 0
[*]  time: 0
[*]   get: 25
[*] block: 0
[*]  time: 0
[*] Queue: compress[0,1,2,3,4,5,6,7,8,9,10,11,12,13,14,15,16,17,18,19,20,21,22,23,24,25,26,27,28,29,30,31,32,33,34,35,36,37,38,39,40,41,42,43,44,45,46,47,48,49,50,51,52,53,54,55,56,57,58,59,60,61,62,63]->counter[0].54
[*]   len: 5
[*]   put: 25
[*] block: 0
[*]  time: 0
[*]   get: 25
[*] block: 11
[*]  time: 830
[*] Queue: compress[0,1,2,3,4,5,6,7,8,9,10,11,12,13,14,15,16,17,18,19,20,21,22,23,24,25,26,27,28,29,30,31,32,33,34,35,36,37,38,39,40,41,42,43,44,45,46,47,48,49,50,51,52,53,54,55,56,57,58,59,60,61,62,63]->counter[0].55
[*]   len: 5
[*]   put: 25
[*] block: 0
[*]  time: 0
[*]   get: 25
[*] block: 0
[*]  time: 0
[*] Queue: compress[0,1,2,3,4,5,6,7,8,9,10,11,12,13,14,15,16,17,18,19,20,21,22,23,24,25,26,27,28,29,30,31,32,33,34,35,36,37,38,39,40,41,42,43,44,45,46,47,48,49,50,51,52,53,54,55,56,57,58,59,60,61,62,63]->counter[0].56
[*]   len: 5
[*]   put: 25
[*] block: 0
[*]  time: 0
[*]   get: 25
[*] block: 2
[*]  time: 44
[*] Queue: compress[0,1,2,3,4,5,6,7,8,9,10,11,12,13,14,15,16,17,18,19,20,21,22,23,24,25,26,27,28,29,30,31,32,33,34,35,36,37,38,39,40,41,42,43,44,45,46,47,48,49,50,51,52,53,54,55,56,57,58,59,60,61,62,63]->counter[0].57
[*]   len: 5
[*]   put: 25
[*] block: 0
[*]  time: 0
[*]   get: 25
[*] block: 0
[*]  time: 0
[*] Queue: compress[0,1,2,3,4,5,6,7,8,9,10,11,12,13,14,15,16,17,18,19,20,21,22,23,24,25,26,27,28,29,30,31,32,33,34,35,36,37,38,39,40,41,42,43,44,45,46,47,48,49,50,51,52,53,54,55,56,57,58,59,60,61,62,63]->counter[0].58
[*]   len: 5
[*]   put: 25
[*] block: 0
[*]  time: 0
[*]   get: 25
[*] block: 0
[*]  time: 0
[*] Queue: compress[0,1,2,3,4,5,6,7,8,9,10,11,12,13,14,15,16,17,18,19,20,21,22,23,24,25,26,27,28,29,30,31,32,33,34,35,36,37,38,39,40,41,42,43,44,45,46,47,48,49,50,51,52,53,54,55,56,57,58,59,60,61,62,63]->counter[0].59
[*]   len: 5
[*]   put: 25
[*] block: 0
[*]  time: 0
[*]   get: 25
[*] block: 0
[*]  time: 0
[*] Queue: compress[0,1,2,3,4,5,6,7,8,9,10,11,12,13,14,15,16,17,18,19,20,21,22,23,24,25,26,27,28,29,30,31,32,33,34,35,36,37,38,39,40,41,42,43,44,45,46,47,48,49,50,51,52,53,54,55,56,57,58,59,60,61,62,63]->counter[0].60
[*]   len: 5
[*]   put: 25
[*] block: 0
[*]  time: 0
[*]   get: 25
[*] block: 0
[*]  time: 0
[*] Queue: compress[0,1,2,3,4,5,6,7,8,9,10,11,12,13,14,15,16,17,18,19,20,21,22,23,24,25,26,27,28,29,30,31,32,33,34,35,36,37,38,39,40,41,42,43,44,45,46,47,48,49,50,51,52,53,54,55,56,57,58,59,60,61,62,63]->counter[0].61
[*]   len: 5
[*]   put: 25
[*] block: 0
[*]  time: 0
[*]   get: 25
[*] block: 16
[*]  time: 2208
[*] Queue: compress[0,1,2,3,4,5,6,7,8,9,10,11,12,13,14,15,16,17,18,19,20,21,22,23,24,25,26,27,28,29,30,31,32,33,34,35,36,37,38,39,40,41,42,43,44,45,46,47,48,49,50,51,52,53,54,55,56,57,58,59,60,61,62,63]->counter[0].62
[*]   len: 5
[*]   put: 25
[*] block: 0
[*]  time: 0
[*]   get: 25
[*] block: 8
[*]  time: 1127
[*] Queue: compress[0,1,2,3,4,5,6,7,8,9,10,11,12,13,14,15,16,17,18,19,20,21,22,23,24,25,26,27,28,29,30,31,32,33,34,35,36,37,38,39,40,41,42,43,44,45,46,47,48,49,50,51,52,53,54,55,56,57,58,59,60,61,62,63]->counter[0].63
[*]   len: 5
[*]   put: 25
[*] block: 0
[*]  time: 0
[*]   get: 25
[*] block: 0
[*]  time: 0
[*] counter is done ?
