2 1.46 4 774
14 1.09 6 1555783
14 2.16 9 3111084
14 3.23 12 4666385
14 4.29 15 6221686
14 5.36 18 7776987
14 6.43 21 9332288
14 7.50 24 10887589
14 8.56 27 12442890
14 9.63 30 13998191
14 10.70 33 15553492
14 11.77 36 17108793
14 12.83 39 18664094
14 13.90 42 20219395
14 14.97 45 21774696
14 16.04 48 23329997
14 17.11 51 24885298
14 18.18 54 26440599
14 19.25 57 27995900
14 20.32 60 29551201
14 21.39 63 31106502
14 22.47 66 32661803
14 23.54 69 34217104
14 24.61 72 35772405
14 25.67 75 37327706
14 26.75 78 38883007
14 27.81 81 40438308
14 28.88 84 41993609
14 29.95 87 43548910
14 31.02 90 45104211
14 32.09 93 46659512
14 33.15 96 48214813
14 34.22 99 49770114
14 35.30 102 51325415
14 36.36 105 52880716
14 37.43 108 54436017
14 38.50 111 55991318
14 39.56 114 57546619
14 40.63 117 59101920
14 41.69 120 60657221
14 42.76 123 62212522
14 43.83 126 63767823
14 44.90 129 65323124
14 45.97 132 66878425
14 47.03 135 68433726
14 48.10 138 69989027
14 49.17 141 71544328
14 50.24 144 73099629
14 51.31 147 74654930
14 52.37 150 76210231
14 53.45 153 77765532
14 54.51 156 79320833
14 55.58 159 80876134
14 56.65 162 82431435
14 57.71 165 83986736
14 58.78 168 85542037
14 59.85 171 87097338
14 60.92 174 88652639
14 61.99 177 90207940
14 63.06 180 91763241
14 64.12 183 93318542
14 65.19 186 94873843
14 66.26 189 96429144
14 67.33 192 97984445
14 68.40 195 99539746
14 69.47 198 101095047
14 70.53 201 102650348
14 71.60 204 104205649
14 72.67 207 105760950
14 73.74 210 107316251
14 74.81 213 108871552
14 75.87 216 110426853
14 76.94 219 111982154
14 78.01 222 113537455
14 79.08 225 115092756
14 80.14 228 116648057
14 81.21 231 118203358
14 82.28 234 119758659
14 83.35 237 121313960
14 84.42 240 122869261
14 85.48 243 124424562
14 86.55 246 125979863
14 87.62 249 127535164
14 88.69 252 129090465
14 89.76 255 130645766
14 90.82 258 132201067
14 91.89 261 133756368
14 92.96 264 135311669
14 94.03 267 136866970
14 95.10 270 138422271
14 96.16 273 139977572
14 97.23 276 141532873
14 98.30 279 143088174
14 99.37 282 144643475
14 100.44 285 146198776
14 101.51 288 147754077
14 102.57 291 149309378
14 103.64 294 150864679
14 104.71 297 152419980
14 105.78 300 153975281
2 107.79 5 937
