2 1.45 4 746
14 1.09 6 1555769
14 2.16 9 3111070
14 3.23 12 4666371
14 4.30 15 6221672
14 5.37 18 7776973
14 6.43 21 9332274
14 7.50 24 10887575
14 8.57 27 12442876
14 9.64 30 13998177
14 10.71 33 15553478
14 11.77 36 17108779
14 12.84 39 18664080
14 13.91 42 20219381
14 14.99 45 21774682
14 16.06 48 23329983
14 17.13 51 24885284
14 18.20 54 26440585
14 19.27 57 27995886
14 20.34 60 29551187
14 21.41 63 31106488
14 22.48 66 32661789
14 23.55 69 34217090
14 24.61 72 35772391
14 25.68 75 37327692
14 26.75 78 38882993
14 27.82 81 40438294
14 28.89 84 41993595
14 29.95 87 43548896
14 31.02 90 45104197
14 32.09 93 46659498
14 33.16 96 48214799
14 34.23 99 49770100
14 35.29 102 51325401
14 36.36 105 52880702
14 37.43 108 54436003
14 38.50 111 55991304
14 39.57 114 57546605
14 40.64 117 59101906
14 41.71 120 60657207
14 42.77 123 62212508
14 43.84 126 63767809
14 44.91 129 65323110
14 45.98 132 66878411
14 47.05 135 68433712
14 48.11 138 69989013
14 49.18 141 71544314
14 50.25 144 73099615
14 51.32 147 74654916
14 52.39 150 76210217
14 53.46 153 77765518
14 54.52 156 79320819
14 55.59 159 80876120
14 56.66 162 82431421
14 57.73 165 83986722
14 58.80 168 85542023
14 59.86 171 87097324
14 60.93 174 88652625
14 62.00 177 90207926
14 63.07 180 91763227
14 64.14 183 93318528
14 65.20 186 94873829
14 66.27 189 96429130
14 67.34 192 97984431
14 68.41 195 99539732
14 69.48 198 101095033
14 70.54 201 102650334
14 71.61 204 104205635
14 72.68 207 105760936
14 73.75 210 107316237
14 74.82 213 108871538
14 75.88 216 110426839
14 76.95 219 111982140
14 78.02 222 113537441
14 79.09 225 115092742
14 80.16 228 116648043
14 81.23 231 118203344
14 82.30 234 119758645
14 83.36 237 121313946
14 84.43 240 122869247
14 85.50 243 124424548
14 86.56 246 125979849
14 87.63 249 127535150
14 88.70 252 129090451
14 89.77 255 130645752
14 90.84 258 132201053
14 91.90 261 133756354
14 92.97 264 135311655
14 94.04 267 136866956
14 95.11 270 138422257
14 96.18 273 139977558
14 97.24 276 141532859
14 98.31 279 143088160
14 99.38 282 144643461
14 100.44 285 146198762
14 101.51 288 147754063
14 102.58 291 149309364
14 103.66 294 150864665
14 104.73 297 152419966
14 105.80 300 153975267
2 107.83 5 909
