2 1.38 4 718
14 1.09 6 1555755
14 2.16 9 3111056
14 3.23 12 4666357
14 4.29 15 6221658
14 5.36 18 7776959
14 6.43 21 9332260
14 7.50 24 10887561
14 8.57 27 12442862
14 9.63 30 13998163
14 10.70 33 15553464
14 11.77 36 17108765
14 12.84 39 18664066
14 13.91 42 20219367
14 14.98 45 21774668
14 16.05 48 23329969
14 17.12 51 24885270
14 18.19 54 26440571
14 19.27 57 27995872
14 20.34 60 29551173
14 21.41 63 31106474
14 22.48 66 32661775
14 23.55 69 34217076
14 24.63 72 35772377
14 25.70 75 37327678
14 26.77 78 38882979
14 27.84 81 40438280
14 28.91 84 41993581
14 29.99 87 43548882
14 31.06 90 45104183
14 32.13 93 46659484
14 33.20 96 48214785
14 34.27 99 49770086
14 35.33 102 51325387
14 36.41 105 52880688
14 37.48 108 54435989
14 38.55 111 55991290
14 39.61 114 57546591
14 40.68 117 59101892
14 41.75 120 60657193
14 42.82 123 62212494
14 43.89 126 63767795
14 44.95 129 65323096
14 46.02 132 66878397
14 47.09 135 68433698
14 48.16 138 69988999
14 49.23 141 71544300
14 50.29 144 73099601
14 51.36 147 74654902
14 52.43 150 76210203
14 53.50 153 77765504
14 54.57 156 79320805
14 55.63 159 80876106
14 56.70 162 82431407
14 57.77 165 83986708
14 58.84 168 85542009
14 59.91 171 87097310
14 60.97 174 88652611
14 62.04 177 90207912
14 63.11 180 91763213
14 64.18 183 93318514
14 65.25 186 94873815
14 66.31 189 96429116
14 67.38 192 97984417
14 68.45 195 99539718
14 69.52 198 101095019
14 70.59 201 102650320
14 71.65 204 104205621
14 72.72 207 105760922
14 73.79 210 107316223
14 74.86 213 108871524
14 75.93 216 110426825
14 77.00 219 111982126
14 78.07 222 113537427
14 79.14 225 115092728
14 80.21 228 116648029
14 81.29 231 118203330
14 82.36 234 119758631
14 83.43 237 121313932
14 84.50 240 122869233
14 85.57 243 124424534
14 86.65 246 125979835
14 87.72 249 127535136
14 88.79 252 129090437
14 89.86 255 130645738
14 90.93 258 132201039
14 92.01 261 133756340
14 93.08 264 135311641
14 94.15 267 136866942
14 95.22 270 138422243
14 96.29 273 139977544
14 97.35 276 141532845
14 98.42 279 143088146
14 99.49 282 144643447
14 100.56 285 146198748
14 101.63 288 147754049
14 102.69 291 149309350
14 103.76 294 150864651
14 104.83 297 152419952
2 107.94 5 881
14 105.90 300 153975253
