2 1.47 4 718
15 1.09 6 1555755
15 2.16 9 3111056
15 3.23 12 4666357
15 4.30 15 6221658
15 5.37 18 7776959
15 6.43 21 9332260
15 7.50 24 10887561
15 8.57 27 12442862
15 9.64 30 13998163
15 10.71 33 15553464
15 11.77 36 17108765
15 12.84 39 18664066
15 13.91 42 20219367
15 14.98 45 21774668
15 16.05 48 23329969
15 17.11 51 24885270
15 18.18 54 26440571
15 19.25 57 27995872
15 20.32 60 29551173
15 21.39 63 31106474
15 22.45 66 32661775
15 23.52 69 34217076
15 24.59 72 35772377
15 25.66 75 37327678
15 26.72 78 38882979
15 27.79 81 40438280
15 28.86 84 41993581
15 29.93 87 43548882
15 30.99 90 45104183
15 32.06 93 46659484
15 33.13 96 48214785
15 34.20 99 49770086
15 35.27 102 51325387
15 36.33 105 52880688
15 37.41 108 54435989
15 38.48 111 55991290
15 39.55 114 57546591
15 40.62 117 59101892
15 41.69 120 60657193
15 42.76 123 62212494
15 43.83 126 63767795
15 44.90 129 65323096
15 45.97 132 66878397
15 47.04 135 68433698
15 48.11 138 69988999
15 49.18 141 71544300
15 50.25 144 73099601
15 51.31 147 74654902
15 52.38 150 76210203
15 53.45 153 77765504
15 54.52 156 79320805
15 55.59 159 80876106
15 56.65 162 82431407
15 57.73 165 83986708
15 58.79 168 85542009
15 59.86 171 87097310
15 60.93 174 88652611
15 62.00 177 90207912
15 63.07 180 91763213
15 64.13 183 93318514
15 65.20 186 94873815
15 66.27 189 96429116
15 67.34 192 97984417
15 68.41 195 99539718
15 69.48 198 101095019
15 70.55 201 102650320
15 71.62 204 104205621
15 72.69 207 105760922
15 73.76 210 107316223
15 74.83 213 108871524
15 75.89 216 110426825
15 76.96 219 111982126
15 78.03 222 113537427
15 79.10 225 115092728
15 80.17 228 116648029
15 81.23 231 118203330
15 82.30 234 119758631
15 83.37 237 121313932
15 84.44 240 122869233
15 85.51 243 124424534
15 86.57 246 125979835
15 87.64 249 127535136
15 88.71 252 129090437
15 89.78 255 130645738
15 90.85 258 132201039
15 91.91 261 133756340
15 92.98 264 135311641
15 94.05 267 136866942
15 95.12 270 138422243
15 96.19 273 139977544
15 97.25 276 141532845
15 98.32 279 143088146
15 99.39 282 144643447
15 100.46 285 146198748
15 101.53 288 147754049
15 102.59 291 149309350
15 103.66 294 150864651
15 104.73 297 152419952
2 107.89 5 881
15 105.80 300 153975253
