15 1.31 763 3114946
15 2.38 1523 6225447
15 3.44 2283 9335948
15 4.51 3043 12446449
15 5.58 3803 15556950
15 6.65 4563 18667451
15 7.72 5323 21777952
15 8.78 6083 24888453
15 9.85 6843 27998954
15 10.92 7603 31109455
15 11.98 8363 34219956
15 13.05 9123 37330457
15 14.12 9883 40440958
15 15.19 10643 43551459
15 16.26 11403 46661960
15 17.32 12163 49772461
15 18.39 12923 52882962
15 19.46 13683 55993463
15 20.53 14443 59103964
15 21.61 15203 62214465
15 22.68 15963 65324966
15 23.75 16723 68435467
15 24.82 17483 71545968
15 25.89 18243 74656469
15 26.96 19003 77766970
15 28.03 19763 80877471
15 29.09 20523 83987972
15 30.17 21283 87098473
15 31.24 22043 90208974
15 32.31 22803 93319475
15 33.38 23563 96429976
15 34.45 24323 99540477
15 35.52 25083 102650978
15 36.59 25843 105761479
15 37.66 26603 108871980
15 38.73 27363 111982481
15 39.80 28123 115092982
15 40.87 28883 118203483
15 41.94 29643 121313984
15 43.00 30403 124424485
15 44.07 31163 127534986
15 45.14 31923 130645487
15 46.21 32683 133755988
15 47.28 33443 136866489
15 48.34 34203 139976990
15 49.41 34963 143087491
15 50.48 35723 146197992
15 51.55 36483 149308493
15 52.62 37243 152418994
15 53.69 38003 155529495
15 54.76 38763 158639996
15 55.82 39523 161750497
15 56.89 40283 164860998
15 57.96 41043 167971499
15 59.03 41803 171082000
15 60.10 42563 174192501
15 61.17 43323 177303002
15 62.24 44083 180413503
15 63.31 44843 183524004
15 64.38 45603 186634505
15 65.44 46363 189745006
15 66.51 47123 192855507
15 67.58 47883 195966008
15 68.65 48643 199076509
15 69.72 49403 202187010
15 70.79 50163 205297511
15 71.85 50923 208408012
15 72.92 51683 211518513
15 73.99 52443 214629014
15 75.06 53203 217739515
15 76.13 53963 220850016
15 77.19 54723 223960517
15 78.26 55483 227071018
15 79.33 56243 230181519
15 80.39 57003 233292020
15 81.46 57763 236402521
15 82.53 58523 239513022
15 83.59 59283 242623523
15 84.66 60043 245734024
15 85.73 60803 248844525
15 86.79 61563 251955026
15 87.86 62323 255065527
15 88.93 63083 258176028
15 89.99 63843 261286529
15 91.06 64603 264397030
15 92.12 65363 267507531
15 93.19 66123 270618032
15 94.26 66883 273728533
15 95.32 67643 276839034
15 96.38 68403 279949535
15 97.45 69163 283060036
15 98.52 69923 286170537
15 99.58 70683 289281038
15 100.65 71443 292391539
15 101.71 72203 295502040
15 102.78 72963 298612541
15 103.84 73723 301723042
15 104.91 74483 304833543
15 105.98 75243 307944044
