14 1.30 763 3114946
14 2.37 1523 6225447
14 3.44 2283 9335948
14 4.50 3043 12446449
14 5.57 3803 15556950
14 6.64 4563 18667451
14 7.71 5323 21777952
14 8.77 6083 24888453
14 9.84 6843 27998954
14 10.90 7603 31109455
14 11.97 8363 34219956
14 13.04 9123 37330457
14 14.11 9883 40440958
14 15.18 10643 43551459
14 16.24 11403 46661960
14 17.31 12163 49772461
14 18.38 12923 52882962
14 19.44 13683 55993463
14 20.51 14443 59103964
14 21.57 15203 62214465
14 22.64 15963 65324966
14 23.71 16723 68435467
14 24.78 17483 71545968
14 25.85 18243 74656469
14 26.91 19003 77766970
14 27.99 19763 80877471
14 29.05 20523 83987972
14 30.13 21283 87098473
14 31.20 22043 90208974
14 32.27 22803 93319475
14 33.34 23563 96429976
14 34.41 24323 99540477
14 35.48 25083 102650978
14 36.54 25843 105761479
14 37.62 26603 108871980
14 38.69 27363 111982481
14 39.76 28123 115092982
14 40.83 28883 118203483
14 41.90 29643 121313984
14 42.97 30403 124424485
14 44.04 31163 127534986
14 45.11 31923 130645487
14 46.18 32683 133755988
14 47.25 33443 136866489
14 48.32 34203 139976990
14 49.39 34963 143087491
14 50.46 35723 146197992
14 51.52 36483 149308493
14 52.59 37243 152418994
14 53.66 38003 155529495
14 54.73 38763 158639996
14 55.79 39523 161750497
14 56.86 40283 164860998
14 57.93 41043 167971499
14 59.00 41803 171082000
14 60.07 42563 174192501
14 61.13 43323 177303002
14 62.20 44083 180413503
14 63.27 44843 183524004
14 64.34 45603 186634505
14 65.41 46363 189745006
14 66.48 47123 192855507
14 67.55 47883 195966008
14 68.61 48643 199076509
14 69.68 49403 202187010
14 70.74 50163 205297511
14 71.81 50923 208408012
14 72.88 51683 211518513
14 73.95 52443 214629014
14 75.02 53203 217739515
14 76.08 53963 220850016
14 77.15 54723 223960517
14 78.22 55483 227071018
14 79.29 56243 230181519
14 80.35 57003 233292020
14 81.42 57763 236402521
14 82.48 58523 239513022
14 83.55 59283 242623523
14 84.62 60043 245734024
14 85.69 60803 248844525
14 86.76 61563 251955026
14 87.83 62323 255065527
14 88.89 63083 258176028
14 89.96 63843 261286529
14 91.03 64603 264397030
14 92.11 65363 267507531
14 93.18 66123 270618032
14 94.25 66883 273728533
14 95.31 67643 276839034
14 96.38 68403 279949535
14 97.45 69163 283060036
14 98.52 69923 286170537
14 99.59 70683 289281038
14 100.66 71443 292391539
14 101.73 72203 295502040
14 102.80 72963 298612541
14 103.87 73723 301723042
14 104.94 74483 304833543
14 106.00 75243 307944044
