14 1.31 763 3114947
14 2.38 1523 6225448
14 3.45 2283 9335949
14 4.52 3043 12446450
14 5.59 3803 15556951
14 6.65 4563 18667452
14 7.73 5323 21777953
14 8.79 6083 24888454
14 9.86 6843 27998955
14 10.93 7603 31109456
14 12.00 8363 34219957
14 13.07 9123 37330458
14 14.14 9883 40440959
14 15.21 10643 43551460
14 16.28 11403 46661961
14 17.35 12163 49772462
14 18.41 12923 52882963
14 19.48 13683 55993464
14 20.55 14443 59103965
14 21.62 15203 62214466
14 22.69 15963 65324967
14 23.76 16723 68435468
14 24.83 17483 71545969
14 25.90 18243 74656470
14 26.97 19003 77766971
14 28.03 19763 80877472
14 29.10 20523 83987973
14 30.17 21283 87098474
14 31.24 22043 90208975
14 32.30 22803 93319476
14 33.37 23563 96429977
14 34.44 24323 99540478
14 35.51 25083 102650979
14 36.58 25843 105761480
14 37.64 26603 108871981
14 38.71 27363 111982482
14 39.78 28123 115092983
14 40.85 28883 118203484
14 41.92 29643 121313985
14 42.98 30403 124424486
14 44.05 31163 127534987
14 45.12 31923 130645488
14 46.18 32683 133755989
14 47.25 33443 136866490
14 48.32 34203 139976991
14 49.38 34963 143087492
14 50.45 35723 146197993
14 51.51 36483 149308494
14 52.59 37243 152418995
14 53.66 38003 155529496
14 54.73 38763 158639997
14 55.80 39523 161750498
14 56.87 40283 164860999
14 57.94 41043 167971500
14 59.01 41803 171082001
14 60.08 42563 174192502
14 61.15 43323 177303003
14 62.22 44083 180413504
14 63.29 44843 183524005
14 64.36 45603 186634506
14 65.43 46363 189745007
14 66.49 47123 192855508
14 67.56 47883 195966009
14 68.63 48643 199076510
14 69.71 49403 202187011
14 70.78 50163 205297512
14 71.85 50923 208408013
14 72.92 51683 211518514
14 73.98 52443 214629015
14 75.05 53203 217739516
14 76.12 53963 220850017
14 77.19 54723 223960518
14 78.26 55483 227071019
14 79.32 56243 230181520
14 80.40 57003 233292021
14 81.46 57763 236402522
14 82.54 58523 239513023
14 83.60 59283 242623524
14 84.67 60043 245734025
14 85.74 60803 248844526
14 86.81 61563 251955027
14 87.88 62323 255065528
14 88.95 63083 258176029
14 90.02 63843 261286530
14 91.08 64603 264397031
14 92.15 65363 267507532
14 93.22 66123 270618033
14 94.29 66883 273728534
14 95.36 67643 276839035
14 96.42 68403 279949536
14 97.49 69163 283060037
14 98.56 69923 286170538
14 99.63 70683 289281039
14 100.69 71443 292391540
14 101.76 72203 295502041
14 102.83 72963 298612542
14 103.90 73723 301723043
14 104.97 74483 304833544
14 106.04 75243 307944045
