[*] Waiting for work
[*] Got message from (Ibis 0, location fs0.das3.cs.vu.nl) data demo.grid.ListingRequest@785f8172
[*] Executing listing request: FileSetDescription: /local/jason/generated2 / hd48-%4.raw true
2 1.27 4 718
[*] Got registered message 10 reader [in: none] [out: put.0.10]
[*] Got component reader
[*] Need to create put queue put.0.10
[*]   type image.UncompressedImage
[*]   length 5
[*]   connected to [get.1.10]
[*] Created queue reader[10]->color[10] max length 5
[*] Create component reader
[*]  - Type     : processors.UncompressedFileReader
[*]  - In type  : none
[*]  - In name  : none
[*]  - In ok    : true
[*]  - Out type : image.UncompressedImage
[*]  - Out name : reader[10]->color[10]
[*] - Out ok   : true
[*]  - Options  : {input=fileset://inputset, fps=31, repeat=0}
[*] SET TOTAL TO 100
[*] Started component reader
[*] Got message from (Ibis 0, location fs0.das3.cs.vu.nl) data true
[*] FILE READER TARGET GAP 1032
[*] Allocating buffer!
13 1.03 655 2674988
13 2.07 1044 4268332
13 3.10 1524 6234412
13 4.14 1869 7647532
13 5.18 2229 9122092
13 6.21 2550 10436908
13 7.21 2775 11358508
13 8.23 3034 12419372
[*] FILE READER MISSED DEADLINE! -818
13 9.26 3278 13416901
13 10.29 3525 14428613
13 11.32 3748 15342021
13 12.32 4026 16480709
13 13.38 4338 17758661
13 14.44 4608 18864581
13 15.45 4876 19962309
13 16.47 5133 21014981
13 17.49 5499 22514117
13 18.52 5860 23992773
[*] FILE READER MISSED DEADLINE! -9865
13 19.58 6224 25481770
13 20.63 6567 26886698
13 21.65 6956 28480042
13 22.65 7517 30777898
13 23.70 7998 32748074
13 24.70 8514 34861610
13 25.70 8986 36794922
[*] FILE READER MISSED DEADLINE! -5820
13 26.74 9504 38914703
13 27.77 9984 40880783
13 28.80 10360 42420879
13 29.82 10645 43588239
13 30.89 10887 44579471
13 31.98 11133 45587087
13 33.08 11411 46725775
13 34.14 11702 47917711
[*] FILE READER MISSED DEADLINE! -7870
13 35.16 12334 50504436
13 36.19 14305 58577652
[*] FILE READER MISSED DEADLINE! -969
13 37.21 15374 62954329
13 38.24 15894 65084249
13 39.27 16375 67054425
13 40.36 16888 69155673
13 41.46 17149 70224729
13 42.48 18065 73976665
[*] FILE READER MISSED DEADLINE! -4777
13 43.52 18748 76772286
13 44.53 19689 80626622
13 45.54 20692 84734910
13 46.57 21253 87032766
[*] FILE READER MISSED DEADLINE! -2861
13 47.57 21743 89037859
13 48.58 22152 90713123
13 49.62 22601 92552227
13 50.67 23018 94260259
13 51.73 23369 95697955
13 52.76 23863 97721379
13 53.77 24391 99882120
[*] FILE READER MISSED DEADLINE! -5952
13 54.78 25040 102540424
13 55.80 25958 106300552
13 56.81 26874 110052488
[*] FILE READER MISSED DEADLINE! -2511
13 57.83 28126 115178733
13 58.85 28878 118258925
[*] FILE READER MISSED DEADLINE! -1372
13 59.90 31478 128906578
13 60.91 32664 133764434
13 61.92 33403 136791378
[*] FILE READER MISSED DEADLINE! -1395
13 62.95 33935 138968503
13 63.95 34304 140479927
13 64.99 34713 142155191
13 66.02 35074 143633847
13 67.08 35450 145173943
13 68.11 35816 146673079
13 69.12 36387 149011895
[*] FILE READER MISSED DEADLINE! -6200
13 70.16 38450 157459996
13 71.26 39198 160523804
13 72.26 39497 161746561
[*] FILE READER MISSED DEADLINE! -2095
13 73.40 39824 163085953
13 74.47 40084 164150913
13 75.52 40394 165420673
13 76.55 41668 170638977
13 77.60 42566 174315238
[*] FILE READER MISSED DEADLINE! -4211
13 78.74 43091 176465638
13 79.76 43402 177739494
13 80.83 43814 179427046
13 81.87 44498 182228710
13 82.92 45061 184534758
13 83.99 45475 186230502
[*] FILE READER MISSED DEADLINE! -5608
13 85.08 45834 187699019
13 86.23 46144 188968779
13 87.39 46399 190013259
13 88.42 47079 192798539
13 89.43 47610 194973515
13 90.61 48027 196681547
13 91.71 48286 197742411
[*] FILE READER MISSED DEADLINE! -7161
13 92.73 48868 200124336
13 93.84 49284 201828272
13 95.04 49646 203311024
13 96.22 49953 204568496
13 97.27 50323 206084016
13 98.31 51500 210905008
[*] FILE READER MISSED DEADLINE! -5084
13 99.34 52222 213860373
13 100.36 52590 215367701
13 101.49 52964 216899605
13 102.60 53221 217952277
13 103.61 53478 219004949
13 104.82 53792 220291093
13 105.87 54005 221163541
13 106.90 54752 224221306
[*] FILE READER MISSED DEADLINE! -7292
13 107.90 55287 226412666
13 108.93 55635 227838074
13 109.93 56192 230119546
13 111.01 57024 233527418
13 112.13 57446 235255930
[*] FILE READER MISSED DEADLINE! -5069
13 113.17 57817 236773599
13 114.30 58231 238469343
13 115.39 58647 240173279
13 116.45 59194 242413791
13 117.48 59614 244134111
13 118.48 60264 246796511
[*] FILE READER MISSED DEADLINE! -5245
13 119.57 60949 249600324
13 120.63 61417 251517252
13 121.84 61776 252987716
13 122.86 62137 254466372
13 123.96 62718 256846148
13 125.08 63130 258533700
13 126.15 63542 260221252
13 127.22 63851 261484969
[*] FILE READER MISSED DEADLINE! -6859
13 128.28 64161 262754729
13 129.41 64626 264659369
13 130.45 64933 265916841
13 131.53 65412 267878825
13 132.63 65981 270209449
13 133.68 66349 271716777
13 134.77 66658 272982441
[*] FILE READER MISSED DEADLINE! -7158
13 135.83 67018 274455054
13 136.99 67389 275974670
13 138.07 67916 278133262
13 139.18 68385 280054286
13 140.23 68756 281573902
13 141.23 69508 284654094
[*] FILE READER MISSED DEADLINE! -5743
13 142.34 69946 286446195
13 143.35 70253 287703667
13 144.39 70664 289387123
13 145.40 71237 291734131
13 146.48 71854 294261363
13 147.51 72222 295768691
13 148.51 72788 298087027
[*] FILE READER MISSED DEADLINE! -5536
13 149.52 75140 307718872
[*] FILE READER MISSED DEADLINE! -436
13 150.55 76416 312943421
13 151.56 77067 315609917
13 152.66 77533 317518653
13 153.66 78107 319869757
13 154.72 78997 323513250
[*] FILE READER MISSED DEADLINE! -3596
13 155.75 79571 325864354
13 156.84 80256 328670114
13 157.95 80725 330591138
13 159.12 81093 332098466
13 160.13 81408 333388706
13 161.18 81718 334658466
13 162.19 82154 336442375
[*] FILE READER MISSED DEADLINE! -6426
13 163.24 82956 339727367
13 164.33 83543 342131719
13 165.34 84164 344675335
13 166.43 84685 346809351
[*] FILE READER MISSED DEADLINE! -3711
13 167.46 86220 353094764
13 168.49 87470 358214764
13 169.56 88040 360549484
[*] FILE READER MISSED DEADLINE! -1791
13 170.63 88468 362300625
13 171.73 88730 363373777
13 172.83 89042 364651729
13 173.93 89350 365913297
13 175.02 89665 367203537
13 176.11 90079 368899281
13 177.26 90442 370386129
13 178.30 90751 371651793
13 179.38 91110 373122257
[*] FILE READER MISSED DEADLINE! -8691
13 180.44 91429 374426934
13 181.45 91848 376143158
13 182.56 92537 378965302
13 183.63 93106 381295926
13 184.65 93720 383810870
[*] FILE READER MISSED DEADLINE! -4961
13 185.68 94306 386209179
13 186.80 94728 387937691
13 187.84 95038 389207451
13 188.98 95345 390464923
13 190.08 95601 391513499
13 191.10 95759 392160667
13 192.18 96141 393725339
13 193.20 96692 395982235
[*] FILE READER MISSED DEADLINE! -7001
13 194.22 98986 405376512
13 195.28 100014 409587200
[*] FILE READER MISSED DEADLINE! -1203
13 196.33 100529 411694693
13 197.52 100845 412989029
13 198.61 101205 414463589
13 199.74 101616 416147045
13 200.84 102042 417891941
13 201.88 102353 419165797
13 203.02 102611 420222565
13 204.16 102925 421508709
13 205.27 103290 423003749
[*] FILE READER MISSED DEADLINE! -8610
13 206.42 103551 424070858
13 207.47 103810 425131722
13 208.56 104127 426430154
13 209.61 104389 427503306
13 210.67 105070 430292682
13 211.76 105642 432635594
13 212.78 106057 434335434
13 213.91 106373 435627823
[*] FILE READER MISSED DEADLINE! -7459
13 214.98 106796 437360431
13 216.14 107156 438834991
13 217.18 107593 440624943
13 218.18 108189 443066159
13 219.26 108612 444798767
13 220.33 108973 446277423
13 221.38 109287 447563567
[*] FILE READER MISSED DEADLINE! -6807
13 222.39 109494 448409492
13 223.42 109905 450092948
13 224.48 111020 454659988
13 225.56 111654 457256852
13 226.61 112021 458760084
13 227.68 112328 460017556
[*] FILE READER MISSED DEADLINE! -5219
13 228.72 112690 461498361
13 229.72 112999 462764025
13 230.85 113364 464259065
13 231.92 113686 465577977
13 233.02 114049 467064825
13 234.15 114311 468137977
13 235.33 114570 469198841
13 236.40 114775 470038521
13 237.43 115152 471582713
[*] FILE READER MISSED DEADLINE! -8867
13 238.45 115827 474345566
13 239.47 116622 477601886
13 240.51 117582 481534046
13 241.62 118152 483868766
13 242.74 118493 485263555
[*] FILE READER MISSED DEADLINE! -3772
13 243.78 119531 489515203
13 244.83 120987 495478979
[*] FILE READER MISSED DEADLINE! -1842
13 245.86 121938 499372328
13 246.91 122688 502444328
13 247.91 123268 504820008
13 249.00 123858 507236648
13 250.07 124372 509341992
[*] FILE READER MISSED DEADLINE! -4003
13 251.15 124861 511342989
13 252.26 125386 513493389
13 253.26 126956 519924109
[*] FILE READER MISSED DEADLINE! -1997
13 254.26 128511 526291442
13 255.28 129107 528732658
13 256.56 129480 530260466
13 257.62 129737 531313138
13 258.69 130263 533467634
[*] FILE READER MISSED DEADLINE! -4789
13 259.70 130896 536058455
13 260.74 131314 537770583
13 261.86 131780 539679319
13 263.02 132146 541178455
13 264.03 132403 542231127
13 265.09 133203 545507927
13 266.14 133639 547293783
[*] FILE READER MISSED DEADLINE! -5830
13 267.31 134009 548807356
13 268.38 134318 550073020
13 269.40 134575 551125692
13 270.48 134835 552190652
13 271.50 135979 556876476
[*] FILE READER MISSED DEADLINE! -4877
13 272.60 137087 561412897
13 273.69 137520 563186465
13 274.72 137779 564247329
13 275.87 138093 565533473
13 276.96 138409 566827809
13 278.00 139035 569391905
[*] FILE READER MISSED DEADLINE! -5435
13 279.02 140309 574608262
13 280.09 141058 577676166
13 281.10 141643 580072326
13 282.18 142088 581895046
13 283.29 142449 583373702
13 284.45 142761 584651654
[*] FILE READER MISSED DEADLINE! -4900
13 285.61 143019 585706475
13 286.77 143335 587000811
13 288.07 143546 587865067
13 289.15 143758 588733419
13 290.18 145491 595831787
[*] FILE READER MISSED DEADLINE! -4937
13 291.19 146560 600208464
13 292.24 147263 603087952
13 293.32 147919 605774928
13 294.34 148490 608113744
[*] FILE READER MISSED DEADLINE! -3202
13 295.37 149556 612478133
13 296.42 150499 616340661
13 297.48 151203 619224245
13 298.57 151672 621145269
[*] FILE READER MISSED DEADLINE! -3495
13 299.61 152192 623273242
13 300.62 153121 627078426
13 301.73 153722 629540122
13 302.75 154085 631026970
13 303.77 154726 633652506
[*] FILE READER MISSED DEADLINE! -3660
13 304.77 156993 642936191
[*] FILE READER MISSED DEADLINE! -524
13 305.83 158327 648398308
13 306.84 158968 651023844
13 307.86 159435 652936676
13 308.91 159902 654849508
13 309.94 160213 656123364
13 311.09 160471 657180132
[*] FILE READER MISSED DEADLINE! -5399
13 312.13 161390 660942409
13 313.21 162563 665747017
13 314.27 163131 668073545
13 315.30 163546 669773385
13 316.43 163909 671260233
[*] FILE READER MISSED DEADLINE! -3952
13 317.57 164226 672556718
13 318.72 164534 673818286
13 319.75 164944 675497646
13 320.77 165461 677615278
13 321.81 165981 679745198
13 322.84 166393 681432750
13 323.88 166857 683333294
[*] FILE READER MISSED DEADLINE! -6684
13 324.98 167167 684601107
13 326.17 167476 685866771
13 327.18 167686 686726931
13 328.36 167892 687570707
13 329.49 168148 688619283
13 330.55 168511 690106131
13 331.55 169117 692588307
13 332.62 169527 694267667
13 333.79 169835 695529235
13 334.92 170041 696373011
[*] FILE READER MISSED DEADLINE! -9625
13 336.10 170359 697673592
13 337.32 170673 698959736
13 338.41 170930 700012408
13 339.44 171186 701060984
13 340.54 171444 702117752
13 341.55 171700 703166328
13 342.59 171959 704227192
13 343.71 172266 705484664
13 344.74 172957 708315000
[*] FILE READER MISSED DEADLINE! -8799
13 345.78 173486 710479837
13 346.80 173897 712163293
13 347.81 174378 714133469
13 348.95 174848 716058589
13 350.07 175206 717524957
13 351.38 175515 718790621
13 352.42 175719 719626205
13 353.47 175978 720687069
13 354.50 176189 721551325
[*] FILE READER MISSED DEADLINE! -8460
13 355.52 176871 724342850
13 356.59 177595 727308354
13 357.64 178230 729909314
13 358.65 178881 732575810
[*] FILE READER MISSED DEADLINE! -3634
13 359.70 179515 735170727
13 360.73 180146 737755303
13 361.76 180734 740163751
13 362.77 181269 742355111
13 363.85 181841 744698023
13 364.99 182260 746414247
[*] FILE READER MISSED DEADLINE! -4802
13 366.00 182625 747907340
13 367.09 182932 749164812
13 368.16 183411 751126796
13 369.21 183986 753481996
13 370.21 185021 757721356
[*] FILE READER MISSED DEADLINE! -4587
13 371.22 185650 760295793
13 372.28 186019 761807217
13 373.44 186431 763494769
13 374.61 186791 764969329
13 375.77 187101 766239089
13 376.91 187412 767512945
13 378.08 187722 768782705
13 379.12 188030 770044273
13 380.20 188348 771346801
[*] FILE READER MISSED DEADLINE! -8599
13 381.24 188611 772422102
13 382.42 188921 773691862
13 383.57 189280 775162326
13 384.65 189641 776640982
13 385.78 189955 777927126
13 386.92 190263 779188694
13 387.97 191200 783026646
[*] FILE READER MISSED DEADLINE! -6775
13 389.00 193242 791388731
13 390.05 194699 797354656
[*] FILE READER MISSED DEADLINE! -747
13 391.11 195871 802155168
13 392.17 196801 805964448
13 393.18 197609 809272069
[*] FILE READER MISSED DEADLINE! -2120
13 394.24 198385 812450565
13 395.31 199031 815096581
13 396.32 200207 819913477
[*] FILE READER MISSED DEADLINE! -2520
13 397.35 201335 824531818
13 398.41 202200 828074858
13 399.49 202853 830749546
13 400.53 203271 832461674
[*] FILE READER MISSED DEADLINE! -3284
13 401.59 204223 836359119
13 402.68 204900 839132111
13 403.69 205747 842601423
13 404.74 206500 845685711
[*] FILE READER MISSED DEADLINE! -2980
13 405.78 207186 848493620
13 406.85 207758 850836532
13 407.98 208170 852524084
13 409.13 208489 853830708
13 410.14 209245 856927284
[*] FILE READER MISSED DEADLINE! -4470
13 411.14 210957 863937689
13 412.19 212485 870196377
[*] FILE READER MISSED DEADLINE! -979
13 413.21 213724 875269374
13 414.21 214835 879820030
13 415.27 215835 883914083
[*] FILE READER MISSED DEADLINE! -1711
13 416.32 216840 888030563
13 417.34 217736 891700579
13 418.34 218543 895006051
[*] FILE READER MISSED DEADLINE! -2420
13 419.37 219229 897813960
13 420.41 219965 900828616
13 421.41 220854 904469960
13 422.48 221592 907492808
[*] FILE READER MISSED DEADLINE! -3185
13 423.52 222223 910075437
13 424.54 222896 912832045
13 425.55 223515 915367469
13 426.61 224086 917706285
13 427.64 224940 921202322
[*] FILE READER MISSED DEADLINE! -3705
13 428.65 225707 924343954
13 429.66 226250 926568082
13 430.71 226717 928480914
13 431.77 227128 930164370
13 432.79 227490 931647122
[*] FILE READER MISSED DEADLINE! -5067
13 433.84 228006 933758711
13 434.91 228859 937252599
13 435.92 229431 939595511
13 436.98 230027 942036727
13 438.08 230501 943978231
[*] FILE READER MISSED DEADLINE! -4102
13 439.13 231070 946306908
13 440.16 231642 948649820
13 441.21 232588 952524636
13 442.28 233466 956120924
[*] FILE READER MISSED DEADLINE! -3209
13 443.41 234097 958703553
13 444.41 234399 959940545
13 445.59 234621 960849857
13 446.67 234996 962385857
13 447.74 235410 964081601
13 448.75 237050 970797094
[*] FILE READER MISSED DEADLINE! -4722
13 449.78 237906 974303270
13 450.85 238590 977104934
13 451.88 239072 979079206
13 452.91 239486 980774950
13 453.93 239793 982032422
[*] FILE READER MISSED DEADLINE! -4493
13 454.94 241123 987478155
13 456.00 241954 990881931
13 457.05 242750 994142347
[*] FILE READER MISSED DEADLINE! -2102
13 458.12 243544 997392624
13 459.16 244113 999723248
13 460.16 244649 1001918704
13 461.22 245124 1003864304
13 462.26 246103 1007872341
[*] FILE READER MISSED DEADLINE! -3827
13 463.27 247647 1014196565
13 464.30 248638 1018255701
[*] FILE READER MISSED DEADLINE! -1372
13 465.33 250052 1024045498
13 466.34 250898 1027510714
13 467.41 251743 1030971834
[*] FILE READER MISSED DEADLINE! -2537
13 468.44 252209 1032878623
13 469.49 252724 1034988063
13 470.50 254390 1041811999
[*] FILE READER MISSED DEADLINE! -1719
13 471.50 256231 1049350788
13 472.50 257410 1054179972
13 473.54 258146 1057194628
[*] FILE READER MISSED DEADLINE! -1670
13 474.60 258614 1059109609
13 475.61 259084 1061034729
13 476.65 259789 1063922409
13 477.71 260316 1066081001
13 478.72 260783 1067993833
13 479.77 261197 1069689577
[*] FILE READER MISSED DEADLINE! -5261
13 480.78 262819 1076331342
13 481.83 264422 1082895283
[*] FILE READER MISSED DEADLINE! -728
13 482.90 265435 1087044531
13 483.94 266381 1090919347
13 484.95 267114 1093921715
[*] FILE READER MISSED DEADLINE! -2580
13 485.97 267735 1096463384
13 487.07 268409 1099224088
13 488.11 269077 1101960216
13 489.12 269993 1105712152
[*] FILE READER MISSED DEADLINE! -3177
13 490.14 270942 1109597309
13 491.17 272042 1114102909
13 492.18 273292 1119222909
[*] FILE READER MISSED DEADLINE! -1788
13 493.25 274027 1122231522
13 494.28 274714 1125045474
13 495.30 275453 1128072418
[*] FILE READER MISSED DEADLINE! -2593
13 496.31 277465 1136311623
13 497.32 279978 1146602924
[*] FILE READER MISSED DEADLINE! -139
13 498.32 282313 1156167084
[*] FILE READER MISSED DEADLINE! -296
13 499.34 284408 1164746257
2 501.95 5 881
[*] Statistic for 10: reader (UncompressedFileReader)
[*] Processed 100 of 100 (100%) images
[*]  - Total time      : 499804 ms.
[*]  - Processing time : 24929 ms.
[*]  - Idle time       : 474875 ms. (95%)
[*]  - Avg. proc. time : 249 ms/image.
[*]
[*]  - Data in         : 1.16 GB
[*]  - Data out        : 1.16 GB
[*]
[*] - Avg. size in    : 11.87 MB/image.
[*] - Avg. size out   : 11.87 MB/image.
[*]  - Overall rate in : 19.91 MBit/sec.
[*]  - Overall rate out: 19.91 MBit/sec.
[*]  - Proc. rate in   : 399.27 MBit/sec.
[*]  - Proc. rate out  : 399.27 MBit/sec.
[*]  - Done : true
[*] Queue: reader[10]->color[10]
[*]   len: 5
[*]   put: 100
[*] block: 94
[*]  time: 470075
[*]   get: 95
[*] block: 1
[*]  time: 416
[*] reader is done ?
13 500.35 286825 1174644342
13 501.36 290851 1191132891
13 502.38 294310 1205299008
13 503.38 300393 1230211082
[*] Ibis WRITER took 503714 send 503295 get 418 bytes 1244170152 2.357530114945827 2.3555690713413964
2 505.71 6 898
