[*] Waiting for work
[*] Got message from (Ibis 0, location fs0.das3.cs.vu.nl) data demo.grid.ListingRequest@785f8172
[*] Executing listing request: FileSetDescription: /local/jason/generated2 / hd48-%4.raw true
2 1.24 4 718
[*] Got registered message 11 reader [in: none] [out: put.0.11]
[*] Got component reader
[*] Need to create put queue put.0.11
[*]   type image.UncompressedImage
[*]   length 5
[*]   connected to [get.1.11]
[*] Created queue reader[11]->color[11] max length 5
[*] Create component reader
[*]  - Type     : processors.UncompressedFileReader
[*]  - In type  : none
[*]  - In name  : none
[*]  - In ok    : true
[*]  - Out type : image.UncompressedImage
[*]  - Out name : reader[11]->color[11]
[*] - Out ok   : true
[*]  - Options  : {input=fileset://inputset, fps=31, repeat=0}
[*] SET TOTAL TO 100
[*] Started component reader
[*] Got message from (Ibis 0, location fs0.das3.cs.vu.nl) data true
[*] FILE READER TARGET GAP 1032
[*] Allocating buffer!
14 1.01 337 1372460
14 2.03 1124 4596012
14 3.04 1499 6132012
14 4.04 2345 9597228
14 5.05 2885 11809068
14 6.08 3202 13105605
14 7.11 3819 15632837
14 8.14 4612 18880965
14 9.20 4974 20363717
14 10.23 5293 21670341
14 11.24 5796 23730629
[*] FILE READER MISSED DEADLINE! -3579
14 12.26 6197 25371178
14 13.28 6511 26657322
14 14.29 7768 31805994
14 15.30 8794 36008490
[*] FILE READER MISSED DEADLINE! -2669
14 16.33 9595 39287439
14 17.34 10122 41446031
14 18.35 10596 43387535
14 19.38 10969 44915343
14 20.45 11264 46123663
14 21.52 11575 47397519
14 22.56 11991 49101455
[*] FILE READER MISSED DEADLINE! -6224
14 23.56 12429 50893556
14 24.62 12727 52114164
14 25.67 13084 53576436
14 26.69 13425 54973172
14 27.74 13739 56259316
14 28.82 13987 57275124
14 29.84 14235 58290932
14 30.86 14994 61399796
[*] FILE READER MISSED DEADLINE! -7115
14 31.87 15878 65018713
14 32.90 16507 67595097
14 33.91 16910 69245785
14 34.93 17405 71273305
14 35.96 18159 74361689
[*] FILE READER MISSED DEADLINE! -4009
14 36.96 18944 77575102
14 37.98 19509 79889342
14 39.01 19891 81454014
14 40.05 21157 86639550
[*] FILE READER MISSED DEADLINE! -2987
14 41.06 22538 92294179
14 42.10 23205 95026211
14 43.10 23577 96549923
14 44.13 24294 99486755
[*] FILE READER MISSED DEADLINE! -3042
14 45.14 25076 102687880
14 46.20 25691 105206920
14 47.30 26080 106800264
14 48.30 26906 110183560
[*] FILE READER MISSED DEADLINE! -3686
14 49.32 27629 113143021
14 50.33 29554 121027821
[*] FILE READER MISSED DEADLINE! -977
14 51.36 30667 125584722
14 52.37 31249 127968594
14 53.37 31631 129533266
14 54.41 31934 130774354
14 55.45 32236 132011346
14 56.45 32537 133244242
14 57.46 33029 135259474
[*] FILE READER MISSED DEADLINE! -6307
14 58.52 33518 137260471
14 59.57 33858 138653111
14 60.63 34424 140971447
14 61.69 34833 142646711
14 62.74 35194 144125367
14 63.76 35592 145755575
14 64.79 36525 149575196
[*] FILE READER MISSED DEADLINE! -5409
14 65.84 37095 151909916
14 66.88 37589 153933340
14 67.94 37925 155309596
14 68.96 38255 156661276
14 70.00 38648 158271004
14 71.10 38950 159507996
14 72.16 39222 160622108
[*] FILE READER MISSED DEADLINE! -6748
14 73.17 40148 164413057
14 74.19 40760 166919809
14 75.22 41287 169078401
14 76.26 41814 171236993
14 77.28 42269 173100673
[*] FILE READER MISSED DEADLINE! -4335
14 78.36 42736 175011558
14 79.36 43248 177108710
14 80.38 45338 185669350
[*] FILE READER MISSED DEADLINE! -1677
14 81.44 46525 190529355
14 82.49 47307 193732427
14 83.56 47950 196366155
14 84.56 48451 198418251
[*] FILE READER MISSED DEADLINE! -3286
14 85.77 48823 199940016
14 86.78 49662 203376560
14 87.78 51811 212176917
[*] FILE READER MISSED DEADLINE! -1812
14 88.80 53318 218349589
14 89.87 54136 221700117
14 90.98 54643 223776789
[*] FILE READER MISSED DEADLINE! -2277
14 92.01 54968 225106042
14 93.18 55343 226642042
14 94.25 55665 227960954
14 95.36 55984 229267578
14 96.39 56300 230561914
14 97.45 57559 235718778
[*] FILE READER MISSED DEADLINE! -5624
14 98.50 58380 239079647
14 99.64 58860 241045727
14 100.70 59136 242176223
14 101.73 59457 243491039
[*] FILE READER MISSED DEADLINE! -3810
14 102.74 61175 250526020
14 103.79 62427 255654212
14 104.89 63096 258394436
14 105.99 63520 260131140
[*] FILE READER MISSED DEADLINE! -3242
14 107.05 63892 261652905
14 108.08 64159 262746537
14 109.13 64532 264274345
14 110.16 64973 266080681
14 111.30 65291 267383209
14 112.48 65558 268476841
14 113.63 65879 269791657
14 114.74 66321 271602089
14 115.76 66812 273613225
[*] FILE READER MISSED DEADLINE! -8083
14 116.78 68822 281844238
[*] FILE READER MISSED DEADLINE! -462
14 117.79 70480 288633459
14 118.89 71231 291709555
14 119.91 71818 294113907
14 120.99 72694 297702003
[*] FILE READER MISSED DEADLINE! -3072
14 121.99 73174 299666136
14 123.00 73709 301857496
14 124.04 74403 304700120
14 125.18 74890 306694872
14 126.20 75214 308021976
14 127.26 75700 310012632
[*] FILE READER MISSED DEADLINE! -5209
14 128.27 76187 312005437
14 129.36 76510 313328445
14 130.53 76776 314417981
14 131.75 77043 315511613
14 132.77 77587 317739837
14 133.79 78302 320668477
14 134.88 78786 322650941
[*] FILE READER MISSED DEADLINE! -6499
14 135.90 79287 324701090
14 136.91 79716 326458274
14 137.95 80491 329632674
14 139.07 81035 331860898
14 140.13 81409 333392802
14 141.13 81894 335379362
[*] FILE READER MISSED DEADLINE! -5092
14 142.23 82381 337372167
14 143.24 82696 338662407
14 144.29 83064 340169735
14 145.49 83385 341484551
14 146.79 83648 342561799
14 147.81 84634 346600455
[*] FILE READER MISSED DEADLINE! -5900
14 148.85 85472 350030956
14 149.87 85900 351784044
14 150.95 86327 353533036
14 152.10 86643 354827372
14 153.24 86960 356125804
14 154.28 87277 357424236
14 155.40 87936 360123500
[*] FILE READER MISSED DEADLINE! -6533
14 156.51 88307 361641169
14 157.57 88633 362976465
14 158.66 89851 367965393
14 159.66 90591 370996433
14 160.75 91073 372970705
[*] FILE READER MISSED DEADLINE! -4025
14 161.86 91500 374717750
14 162.95 91878 376266038
14 164.04 92196 377568566
14 165.09 92852 380255542
14 166.12 93335 382233910
14 167.13 93606 383343926
14 168.19 93932 384679222
[*] FILE READER MISSED DEADLINE! -6459
14 169.21 95586 391452059
14 170.31 96532 395326875
14 171.35 96856 396653979
14 172.41 97176 397964699
[*] FILE READER MISSED DEADLINE! -3142
14 173.46 97710 400150016
14 174.56 98202 402165248
14 175.59 98575 403693056
14 176.62 99538 407637504
14 177.64 100354 410977893
[*] FILE READER MISSED DEADLINE! -3934
14 178.68 101248 414639717
14 179.74 102111 418174565
14 180.80 102601 420181605
14 181.95 103093 422196837
[*] FILE READER MISSED DEADLINE! -3827
14 183.06 103570 424148682
14 184.17 103947 425692874
14 185.20 104430 427671242
14 186.21 105307 431263434
14 187.30 105887 433639114
14 188.33 106323 435424970
[*] FILE READER MISSED DEADLINE! -4948
14 189.42 106867 437651247
14 190.47 107246 439203631
14 191.48 107522 440334127
14 192.57 108058 442529583
14 193.57 109244 447387439
[*] FILE READER MISSED DEADLINE! -4367
14 194.67 110204 451317652
14 195.75 110634 453078932
14 196.86 111124 455085972
14 197.90 111500 456626068
14 198.90 112202 459501460
[*] FILE READER MISSED DEADLINE! -4317
14 200.03 112866 462219257
14 201.06 113300 463996921
14 202.19 113729 465754105
14 203.25 113941 466622457
14 204.35 114159 467515385
14 205.39 114371 468383737
14 206.53 114635 469465081
14 207.56 115614 473473118
[*] FILE READER MISSED DEADLINE! -7241
14 208.56 116453 476909662
14 209.61 116858 478568542
14 210.75 117236 480116830
14 211.93 117559 481439838
14 212.94 118364 484737118
[*] FILE READER MISSED DEADLINE! -4625
14 213.96 120482 493410499
[*] FILE READER MISSED DEADLINE! -530
14 215.00 122097 500023592
14 216.01 123141 504299816
14 217.10 123802 507007272
14 218.23 124229 508756264
14 219.31 124548 510062888
[*] FILE READER MISSED DEADLINE! -3749
14 220.34 125206 512756109
14 221.35 125685 514718093
14 222.41 125954 515819917
14 223.57 126380 517564813
14 224.63 126759 519117197
14 225.65 127346 521521549
[*] FILE READER MISSED DEADLINE! -5742
14 226.73 127940 523952626
14 227.74 128317 525496818
14 228.85 128531 526373362
14 229.89 129253 529330674
14 230.93 129893 531952114
14 232.00 130321 533705202
[*] FILE READER MISSED DEADLINE! -5418
14 233.03 130744 535435863
14 234.06 131556 538761815
14 235.13 132372 542104151
14 236.15 133017 544746071
14 237.21 133655 547359319
[*] FILE READER MISSED DEADLINE! -3649
14 238.31 134195 549569212
14 239.41 134740 551801532
14 240.55 135110 553317052
14 241.60 135642 555496124
14 242.70 136119 557449916
14 243.76 136440 558764732
[*] FILE READER MISSED DEADLINE! -6284
14 244.95 136779 560151329
14 246.03 137095 561445665
14 247.10 137826 564439841
14 248.12 138515 567261985
14 249.19 139293 570448673
[*] FILE READER MISSED DEADLINE! -4291
14 250.27 139942 573105030
14 251.30 140367 574845830
14 252.32 140736 576357254
14 253.34 141657 580129670
14 254.34 142410 583213958
[*] FILE READER MISSED DEADLINE! -4277
14 255.41 142890 585178091
14 256.60 143314 586914795
14 257.62 143582 588012523
14 258.89 143845 589089771
14 260.05 144059 589966315
14 261.05 144325 591055851
14 262.11 144642 592354283
14 263.22 144907 593439723
14 264.30 145173 594529259
14 265.35 145600 596278251
[*] FILE READER MISSED DEADLINE! -9514
14 266.42 146244 598914128
14 267.42 146793 601162832
14 268.49 147277 603145296
14 269.56 147756 605107280
14 270.61 148287 607282256
14 271.72 148870 609668277
[*] FILE READER MISSED DEADLINE! -4866
14 272.84 149300 611429557
14 273.89 150115 614767797
14 274.91 150986 618335413
14 275.92 151684 621194421
[*] FILE READER MISSED DEADLINE! -3644
14 276.97 152267 623580442
14 278.14 152593 624915738
14 279.20 152914 626230554
14 280.26 153392 628188442
14 281.41 153869 630142234
14 282.65 154143 631264538
14 283.66 155022 634862975
[*] FILE READER MISSED DEADLINE! -6308
14 284.69 156542 641088895
14 285.74 157462 644857215
14 286.75 157996 647042532
[*] FILE READER MISSED DEADLINE! -2027
14 287.79 158656 649745892
14 288.86 159257 652207588
14 289.94 159799 654427620
14 290.99 160406 656913892
14 292.07 160903 658949604
[*] FILE READER MISSED DEADLINE! -4608
14 293.14 161337 660725321
14 294.24 161762 662466121
14 295.39 162131 663977545
14 296.45 162448 665275977
14 297.53 162998 667528777
14 298.58 163536 669732425
14 299.61 164020 671714889
[*] FILE READER MISSED DEADLINE! -6284
14 300.68 164448 673466030
14 301.80 164935 675460782
14 302.88 165318 677029550
14 304.13 165596 678168238
14 305.23 165871 679294638
14 306.27 166087 680179374
14 307.29 166641 682448558
14 308.42 167097 684314387
[*] FILE READER MISSED DEADLINE! -7590
14 309.47 167522 686055187
14 310.48 168529 690179859
14 311.49 169472 694042387
14 312.53 170005 696225555
[*] FILE READER MISSED DEADLINE! -3510
14 313.54 170504 698267512
14 314.60 170945 700073848
14 315.71 171374 701831032
14 316.79 171820 703657848
14 317.84 172914 708138872
[*] FILE READER MISSED DEADLINE! -4258
14 318.92 173667 711221213
14 319.92 174069 712867805
14 320.97 174340 713977821
14 322.04 175253 717717469
14 323.09 175996 720760797
[*] FILE READER MISSED DEADLINE! -4292
14 324.15 176495 722802754
14 325.26 176971 724752450
14 326.39 177399 726505538
14 327.40 177768 728016962
14 328.43 178961 732903490
[*] FILE READER MISSED DEADLINE! -4220
14 329.48 179933 736882855
14 330.57 180591 739578023
14 331.66 181257 742305959
14 332.80 181737 744272039
14 333.89 182055 745574567
[*] FILE READER MISSED DEADLINE! -4774
14 334.92 182779 748538124
14 335.95 183475 751388940
14 336.95 184109 753985804
14 338.03 184648 756193548
14 339.06 185202 758462732
[*] FILE READER MISSED DEADLINE! -3959
14 340.24 185529 759800177
14 341.37 185795 760889713
14 342.38 187046 766013809
[*] FILE READER MISSED DEADLINE! -2636
14 343.38 188753 773003734
14 344.41 190278 779250134
[*] FILE READER MISSED DEADLINE! -1044
14 345.42 191861 785732155
14 346.45 194231 795439675
[*] FILE READER MISSED DEADLINE! -363
14 347.49 195418 800299680
14 348.52 196092 803060384
14 349.53 196633 805276320
[*] FILE READER MISSED DEADLINE! -2435
14 350.54 198496 812905221
14 351.56 199832 818377477
[*] FILE READER MISSED DEADLINE! -1053
14 352.61 200950 822954858
14 353.61 201779 826350442
14 354.67 202380 828812138
14 355.68 202999 831347562
14 356.70 203653 834024399
[*] FILE READER MISSED DEADLINE! -3384
14 357.81 204240 836428751
14 358.88 204663 838161359
14 359.93 205551 841798607
14 360.97 206090 844006351
14 362.07 206567 845960143
[*] FILE READER MISSED DEADLINE! -4527
14 363.24 206894 847297588
14 364.26 207602 850197556
14 365.28 208366 853326900
14 366.33 208924 855612468
14 367.42 209293 857123892
[*] FILE READER MISSED DEADLINE! -4717
14 368.43 210942 863876249
14 369.43 212288 869389465
[*] FILE READER MISSED DEADLINE! -961
14 370.46 213094 872688894
14 371.47 213699 875166974
14 372.53 214137 876961022
14 373.55 215585 882892030
[*] FILE READER MISSED DEADLINE! -2779
14 374.57 217046 888874339
14 375.59 218063 893039971
14 376.68 218777 895962568
[*] FILE READER MISSED DEADLINE! -1924
14 377.72 219383 898444744
14 378.75 220118 901455304
14 379.77 220685 903777736
14 380.85 221278 906206664
[*] FILE READER MISSED DEADLINE! -3784
14 381.87 222823 912533037
14 382.90 224530 919524909
[*] FILE READER MISSED DEADLINE! -728
14 383.93 225593 923877010
14 385.02 226414 927239826
14 386.09 226965 929496722
14 387.22 227346 931057298
14 388.37 227664 932359826
[*] FILE READER MISSED DEADLINE! -4736
14 389.39 228388 935323383
14 390.41 230248 942941943
[*] FILE READER MISSED DEADLINE! -944
14 391.46 231702 948895580
14 392.51 232835 953536348
14 393.57 233842 957661020
[*] FILE READER MISSED DEADLINE! -1652
14 394.59 234787 961529793
14 395.62 235655 965085121
14 396.69 236467 968411073
14 397.73 237077 970907686
[*] FILE READER MISSED DEADLINE! -2926
14 398.75 238871 978255910
[*] FILE READER MISSED DEADLINE! -737
14 399.80 240676 985647243
14 400.82 241871 990541963
14 401.89 242583 993458315
14 402.96 243066 995434736
[*] FILE READER MISSED DEADLINE! -2534
14 404.01 243491 997175536
14 405.05 244189 1000034544
14 406.07 244978 1003266288
14 407.08 245758 1006461168
[*] FILE READER MISSED DEADLINE! -3535
14 408.12 246669 1010190677
14 409.12 247321 1012861269
14 410.14 247805 1014843733
14 411.15 248232 1016592725
14 412.28 248661 1018349909
14 413.34 249083 1020078421
[*] FILE READER MISSED DEADLINE! -4902
14 414.39 249662 1022448058
14 415.40 250261 1024901562
14 416.41 250889 1027473850
14 417.46 251975 1031922106
[*] FILE READER MISSED DEADLINE! -3232
14 418.47 253118 1036601887
14 419.53 254259 1041275423
14 420.56 255192 1045096991
[*] FILE READER MISSED DEADLINE! -1920
14 421.60 256003 1048416900
14 422.64 256762 1051525764
14 423.65 257475 1054446212
14 424.66 258262 1057667817
[*] FILE READER MISSED DEADLINE! -2993
14 425.72 258926 1060387561
14 426.78 259521 1062824681
14 427.79 260824 1068161769
[*] FILE READER MISSED DEADLINE! -2394
14 428.80 262334 1074344782
14 429.84 263249 1078092622
14 430.93 263947 1080951630
[*] FILE READER MISSED DEADLINE! -2636
14 432.04 264425 1082907571
14 433.15 264851 1084652467
14 434.18 265331 1086618547
14 435.21 265872 1088834483
14 436.24 266575 1091713971
[*] FILE READER MISSED DEADLINE! -4242
14 437.24 267774 1096623128
14 438.26 268506 1099621400
14 439.27 269038 1101800472
14 440.31 269700 1104512024
14 441.34 270462 1107631229
[*] FILE READER MISSED DEADLINE! -3275
14 442.36 271049 1110035581
14 443.36 271496 1111866493
14 444.40 271978 1113840765
14 445.48 272460 1115815037
14 446.64 272881 1117539453
14 447.65 273204 1118862461
[*] FILE READER MISSED DEADLINE! -6119
14 448.74 273527 1120183522
14 449.86 273847 1121494242
14 450.89 274173 1122829538
14 452.00 274612 1124627682
14 453.00 275817 1129563362
14 454.06 276331 1131668706
[*] FILE READER MISSED DEADLINE! -4950
14 455.15 276704 1133194567
14 456.20 276983 1134337351
14 457.23 278621 1141046599
[*] FILE READER MISSED DEADLINE! -2309
14 458.24 280220 1147594156
14 459.26 281487 1152783788
14 460.30 282602 1157348881
[*] FILE READER MISSED DEADLINE! -1453
14 461.32 283748 1162042897
14 462.34 284947 1166954001
2 465.08 5 881
14 463.38 286018 1171338870
[*] Statistic for 11: reader (UncompressedFileReader)
[*] Processed 100 of 100 (100%) images
[*]  - Total time      : 462874 ms.
[*]  - Processing time : 25143 ms.
[*]  - Idle time       : 437731 ms. (94%)
[*]  - Avg. proc. time : 251 ms/image.
[*]
[*]  - Data in         : 1.16 GB
[*]  - Data out        : 1.16 GB
[*]
[*] - Avg. size in    : 11.87 MB/image.
[*] - Avg. size out   : 11.87 MB/image.
[*]  - Overall rate in : 21.50 MBit/sec.
[*]  - Overall rate out: 21.50 MBit/sec.
[*]  - Proc. rate in   : 395.87 MBit/sec.
[*]  - Proc. rate out  : 395.87 MBit/sec.
[*]  - Done : true
[*] Queue: reader[11]->color[11]
[*]   len: 5
[*]   put: 100
[*] block: 93
[*]  time: 432372
[*]   get: 95
[*] block: 1
[*]  time: 327
[*] reader is done ?
14 464.38 287015 1175422582
14 465.41 287794 1178613366
14 466.42 288677 1182228187
14 467.42 290171 1188347611
14 468.44 290943 1191509723
14 469.50 291541 1193959131
14 470.52 292106 1196271424
14 471.52 295105 1208553381
14 472.55 297106 1216749477
14 473.58 298166 1221089290
14 474.67 299065 1224771594
14 475.75 299799 1227778058
14 476.77 300969 1232568431
14 477.83 302273 1237909615
14 478.88 303171 1241587823
[*] Ibis WRITER took 479576 send 479248 get 327 bytes 1244170152 2.4758227873703387 2.4741294793769084
2 481.72 6 898
