[*] Waiting for work
[*] Got message from (Ibis 0, location fs0.das3.cs.vu.nl) data demo.grid.ListingRequest@462ba11b
[*] Executing listing request: FileSetDescription: /local/jason/generated2 / hd48-%4.raw true
2 1.24 4 718
[*] Got registered message 20 reader [in: none] [out: put.0.20]
[*] Got component reader
[*] Need to create put queue put.0.20
[*]   type image.UncompressedImage
[*]   length 5
[*]   connected to [get.1.20]
[*] Created queue reader[20]->color[20] max length 5
[*] Got message from (Ibis 0, location fs0.das3.cs.vu.nl) data true
[*] Create component reader
[*]  - Type     : processors.UncompressedFileReader
[*]  - In type  : none
[*]  - In name  : none
[*]  - In ok    : true
[*]  - Out type : image.UncompressedImage
[*]  - Out name : reader[20]->color[20]
[*] - Out ok   : true
[*]  - Options  : {input=fileset://inputset, fps=31, repeat=0}
[*] SET TOTAL TO 100
[*] Started component reader
[*] FILE READER TARGET GAP 1032
[*] Allocating buffer!
14 1.02 653 2666796
14 2.04 1248 5103916
14 3.06 1883 7704876
14 4.07 2739 11211052
14 5.12 3251 13306309
14 6.13 3704 15161797
14 7.15 4101 16787909
14 8.18 4462 18266565
14 9.23 4770 19528133
14 10.26 5218 21363141
14 11.28 6425 26305066
[*] FILE READER MISSED DEADLINE! -2796
14 12.30 8411 34439722
[*] FILE READER MISSED DEADLINE! -867
14 13.30 9318 38152847
14 14.41 9865 40393359
14 15.68 10197 41753231
14 16.68 10617 43473551
14 17.74 11001 45046415
14 18.79 11630 47622799
14 19.85 12136 49695375
[*] FILE READER MISSED DEADLINE! -5837
14 20.91 12587 51540724
14 21.93 13040 53396212
14 22.97 13413 54924020
14 24.07 13705 56120052
14 25.15 14276 58458868
14 26.17 14640 59949812
14 27.24 14966 61285108
[*] FILE READER MISSED DEADLINE! -6862
14 28.25 15337 62802777
14 29.31 15581 63802201
14 30.37 15915 65170265
14 31.37 16564 67828569
14 32.42 17274 70736729
14 33.45 17738 72637273
14 34.54 18243 74703806
[*] FILE READER MISSED DEADLINE! -5671
14 35.57 18653 76383166
14 36.63 19021 77890494
14 37.69 19307 79061950
14 38.80 19594 80237502
14 39.95 19886 81433534
14 40.96 20170 82596798
14 42.00 20920 85668798
[*] FILE READER MISSED DEADLINE! -7163
14 43.09 21423 87727139
14 44.09 21802 89279523
14 45.11 22419 91806755
14 46.19 22868 93645859
14 47.19 23606 96668707
14 48.22 24182 99028003
[*] FILE READER MISSED DEADLINE! -4992
14 49.32 24551 100537480
14 50.35 25060 102622344
14 51.41 25706 105268360
14 52.45 27049 110769288
[*] FILE READER MISSED DEADLINE! -3064
14 53.48 27823 113937645
14 54.54 28249 115682541
14 55.59 28587 117066989
14 56.68 29477 120712429
14 57.74 29894 122420461
14 58.78 30392 124458322
[*] FILE READER MISSED DEADLINE! -4930
14 59.81 30780 126047570
14 60.83 31068 127227218
14 61.87 31312 128226642
14 62.94 31790 130184530
14 64.05 32383 132613458
14 65.09 32793 134292818
14 66.15 33525 137289143
[*] FILE READER MISSED DEADLINE! -6188
14 67.20 33938 138980791
14 68.21 34223 140148151
14 69.26 34552 141495735
14 70.29 35052 143543735
14 71.29 36402 149073335
[*] FILE READER MISSED DEADLINE! -4362
14 72.32 38010 155657756
14 73.36 39265 160798236
[*] FILE READER MISSED DEADLINE! -1300
14 74.41 39931 163524225
14 75.51 40493 165826177
14 76.63 40901 167497345
14 77.63 41507 169979521
14 78.65 42174 172711553
14 79.73 42607 174483174
[*] FILE READER MISSED DEADLINE! -4771
14 80.82 42937 175834854
14 82.01 43183 176842470
14 83.06 43746 179148518
14 84.08 44343 181593830
14 85.14 44800 183465702
14 86.33 45096 184678118
14 87.33 45344 185693926
[*] FILE READER MISSED DEADLINE! -7486
14 88.34 45680 187068235
14 89.35 46872 191950667
14 90.35 48102 196988747
14 91.51 48571 198909771
[*] FILE READER MISSED DEADLINE! -2515
14 92.65 48899 200251312
14 93.65 49281 201815984
14 94.74 49814 203999152
14 95.84 50099 205166512
14 96.96 50384 206333872
14 97.98 52273 214069269
[*] FILE READER MISSED DEADLINE! -5221
14 99.02 53823 220418069
14 100.11 54623 223694869
[*] FILE READER MISSED DEADLINE! -1331
14 101.17 55066 225507450
14 102.23 55388 226826362
14 103.33 55713 228157562
14 104.51 56036 229480570
14 105.64 56305 230582394
14 106.81 56573 231680122
14 107.98 56897 233007226
14 109.03 57684 236230778
[*] FILE READER MISSED DEADLINE! -7904
14 110.12 58238 238498015
14 111.12 58570 239857887
14 112.21 58901 241213663
14 113.37 59236 242585823
14 114.41 59691 244449503
14 115.43 60241 246702303
[*] FILE READER MISSED DEADLINE! -5613
14 116.47 62078 254224708
14 117.50 63445 259823940
[*] FILE READER MISSED DEADLINE! -1041
14 118.54 64472 264028585
14 119.60 65012 266240425
14 120.65 65556 268468649
14 121.68 66040 270451113
14 122.75 66474 272228777
14 123.76 67158 275028494
[*] FILE READER MISSED DEADLINE! -4772
14 124.77 68838 281909774
14 125.85 69767 285714958
[*] FILE READER MISSED DEADLINE! -1363
14 126.93 70261 287736435
14 127.97 70746 289722995
14 129.12 71640 293384819
14 130.16 71914 294507123
14 131.38 72180 295596659
14 132.43 72817 298205811
[*] FILE READER MISSED DEADLINE! -5471
14 133.48 74234 304007896
14 134.58 74940 306899672
14 135.64 75694 309988056
[*] FILE READER MISSED DEADLINE! -2333
14 136.65 76715 314168125
14 137.78 77308 316597053
14 138.85 77630 317915965
14 139.87 78011 319476541
14 140.89 78556 321708861
14 141.94 79092 323902370
[*] FILE READER MISSED DEADLINE! -4980
14 143.03 79804 326818722
14 144.11 80559 329911202
14 145.13 81103 332139426
14 146.14 81431 333482914
14 147.28 81753 334801826
14 148.31 82075 336118791
[*] FILE READER MISSED DEADLINE! -5279
14 149.47 82405 337470471
14 150.60 82675 338576391
14 151.80 83008 339940359
14 152.84 83492 341922823
14 153.92 84038 344159239
14 154.94 84474 345945095
14 156.00 84848 347476999
[*] FILE READER MISSED DEADLINE! -7562
14 157.17 85170 348793964
14 158.33 85440 349899884
14 159.45 85709 351001708
14 160.63 86085 352541804
14 161.66 86521 354327660
14 162.77 87020 356371564
14 163.79 87579 358661228
[*] FILE READER MISSED DEADLINE! -6737
14 164.86 88280 361530577
14 166.03 88818 363734225
14 167.21 89142 365061329
14 168.26 90046 368764113
14 169.29 90639 371193041
14 170.37 91068 372950225
[*] FILE READER MISSED DEADLINE! -5004
14 171.44 91388 374258998
14 172.48 91765 375803190
14 173.49 92249 377785654
14 174.53 92741 379800886
14 175.56 93064 381123894
14 176.62 93281 382012726
14 177.64 94738 387978651
[*] FILE READER MISSED DEADLINE! -5914
14 178.67 97764 400371200
14 179.70 99739 408460800
[*] FILE READER MISSED DEADLINE! -526
14 180.78 101111 414078565
14 181.86 101742 416663141
14 182.86 102089 418084453
14 183.91 103244 422815333
[*] FILE READER MISSED DEADLINE! -2829
14 185.02 103812 425139914
14 186.03 104372 427433674
14 187.03 105353 431451850
14 188.12 106049 434302666
14 189.18 106394 435713839
[*] FILE READER MISSED DEADLINE! -4114
14 190.19 107767 441337647
14 191.26 108408 443963183
14 192.30 108896 445962031
[*] FILE READER MISSED DEADLINE! -2464
14 193.32 110377 452026260
14 194.40 111365 456073108
14 195.48 112399 460308372
[*] FILE READER MISSED DEADLINE! -1908
14 196.51 113391 464369657
14 197.51 114465 468768761
14 198.53 114946 470738937
14 199.66 115287 472135673
[*] FILE READER MISSED DEADLINE! -3655
14 200.68 115561 473256030
14 201.71 117095 479539294
14 202.80 118407 484913246
[*] FILE READER MISSED DEADLINE! -1699
14 203.85 118979 487254211
14 204.86 119453 489195715
14 206.05 119861 490866883
14 207.12 120134 491985091
14 208.13 120406 493099203
14 209.18 120678 494213315
14 210.45 121025 495634627
14 211.53 121298 496752835
14 212.54 121572 497873192
[*] FILE READER MISSED DEADLINE! -8385
14 213.56 123819 507076904
[*] FILE READER MISSED DEADLINE! -450
14 214.64 125939 515758477
14 215.66 126962 519948685
[*] FILE READER MISSED DEADLINE! -1466
14 216.69 127833 523514354
14 217.70 128325 525529586
14 218.89 128670 526942706
14 219.98 129083 528634354
14 221.00 129424 530031090
14 222.04 130210 533250546
[*] FILE READER MISSED DEADLINE! -5363
14 223.05 130837 535816791
14 224.22 131247 537496151
14 225.23 131526 538638935
14 226.55 131880 540088919
14 227.56 132158 541227607
14 228.62 132435 542362199
14 229.65 132713 543500887
14 230.69 133737 547693244
[*] FILE READER MISSED DEADLINE! -6886
14 231.77 134672 551523004
14 232.82 135153 553493180
14 233.87 135562 555168444
14 234.93 136751 560036641
[*] FILE READER MISSED DEADLINE! -3250
14 236.02 137553 563321633
14 237.12 138126 565668641
14 238.13 138830 568552225
14 239.20 139585 571644705
[*] FILE READER MISSED DEADLINE! -3631
14 240.44 140088 573703046
14 241.61 140363 574829446
14 242.72 140641 575968134
14 243.81 140917 577098630
14 244.89 141331 578794374
14 245.99 141746 580494214
14 247.12 142090 581903238
14 248.25 142575 583889798
[*] FILE READER MISSED DEADLINE! -8143
14 249.37 143064 585890795
14 250.39 143414 587324395
14 251.45 143893 589286379
14 252.49 144455 591588331
14 253.68 144868 593279979
14 254.74 145139 594389995
14 255.83 145413 595512299
14 256.84 145622 596368363
[*] FILE READER MISSED DEADLINE! -7762
14 258.11 145896 597488720
14 259.38 146170 598611024
14 260.54 146444 599733328
14 261.70 146787 601138256
14 262.81 147061 602260560
14 264.08 147335 603382864
14 265.12 147610 604509264
14 266.14 148024 606205008
14 267.20 148374 607638608
14 268.37 148647 608756816
[*] FILE READER MISSED DEADLINE! -10575
14 269.66 148987 610147509
14 270.79 149196 611003573
14 271.80 149613 612711605
14 272.80 151253 619429045
[*] FILE READER MISSED DEADLINE! -3087
14 273.82 152542 624706842
14 274.83 153504 628647194
14 275.86 154209 631534874
14 276.89 154900 634365210
[*] FILE READER MISSED DEADLINE! -2666
14 277.94 155456 636640639
14 278.99 155954 638680447
14 280.13 156446 640695679
14 281.22 157086 643317119
14 282.37 157432 644734335
[*] FILE READER MISSED DEADLINE! -4780
14 283.42 159207 652002788
14 284.42 160550 657503716
[*] FILE READER MISSED DEADLINE! -1082
14 285.42 161557 661626441
14 286.43 162196 664243785
14 287.44 162620 665980489
14 288.45 162996 667520585
14 289.55 163454 669396553
14 290.70 164012 671682121
[*] FILE READER MISSED DEADLINE! -4830
14 291.70 164356 673089198
14 292.82 164704 674514606
14 293.96 164977 675632814
14 295.00 165182 676472494
14 296.08 165458 677602990
14 297.17 165937 679564974
14 298.35 166500 681871022
14 299.57 166921 683595438
[*] FILE READER MISSED DEADLINE! -8353
14 300.60 167198 684728083
14 301.70 167553 686182163
14 302.70 168456 689880851
14 303.76 169274 693231379
14 304.86 169899 695791379
[*] FILE READER MISSED DEADLINE! -4255
14 305.89 170310 697472888
14 307.01 170660 698906488
14 308.23 170932 700020600
14 309.31 171205 701138808
14 310.48 171414 701994872
14 311.68 171900 703985528
14 312.79 172252 705427320
14 313.85 172527 706553720
14 314.87 172869 707954552
[*] FILE READER MISSED DEADLINE! -8754
14 315.91 173880 712093661
14 317.05 174678 715362269
14 318.09 175281 717832157
14 319.14 176155 721412061
[*] FILE READER MISSED DEADLINE! -2990
14 320.24 176587 723179586
14 321.39 176936 724609090
14 322.43 177426 726616130
14 323.46 177841 728315970
14 324.61 178332 730327106
14 325.75 178746 732022850
14 326.80 179094 733448258
[*] FILE READER MISSED DEADLINE! -6911
14 327.81 180434 738934951
14 328.85 181962 745193639
[*] FILE READER MISSED DEADLINE! -949
14 329.88 183211 750307596
14 330.90 184044 753719564
14 332.05 184529 755706124
14 333.15 184871 757106956
14 334.19 185522 759771505
[*] FILE READER MISSED DEADLINE! -3865
14 335.35 186381 763289969
14 336.37 186794 764981617
14 337.61 187221 766730609
14 338.77 187499 767869297
14 339.79 188640 772540886
[*] FILE READER MISSED DEADLINE! -4563
14 340.83 189977 778017238
14 341.85 191203 783038934
[*] FILE READER MISSED DEADLINE! -1374
14 342.91 192276 787431995
14 344.00 193133 790942267
14 345.19 193758 793502267
14 346.23 194110 794944059
14 347.32 194454 796351136
[*] FILE READER MISSED DEADLINE! -4147
14 348.35 194946 798366368
14 349.36 195450 800430752
14 350.38 195869 802146976
14 351.39 196280 803830432
14 352.44 196703 805563040
14 353.51 197119 807266976
14 354.52 197533 808960773
[*] FILE READER MISSED DEADLINE! -6189
14 355.64 197881 810386181
14 356.66 198652 813544197
14 357.68 199563 817275653
14 358.81 200258 820122373
[*] FILE READER MISSED DEADLINE! -3787
14 359.88 200806 822365034
14 360.99 201359 824630122
14 361.99 201849 826637162
14 363.08 202262 828328810
14 364.20 202603 829725546
14 365.25 203086 831703914
[*] FILE READER MISSED DEADLINE! -5320
14 366.32 204322 836764623
14 367.33 205420 841262031
14 368.36 206136 844194767
14 369.46 206689 846457908
[*] FILE READER MISSED DEADLINE! -2621
14 370.57 207110 848182324
14 371.63 207452 849583156
14 372.69 208380 853384244
14 373.73 209337 857304116
[*] FILE READER MISSED DEADLINE! -3791
14 374.77 210074 860320921
14 375.83 210781 863216793
14 376.86 211561 866411673
14 377.90 212184 868963481
14 379.01 212738 871230718
[*] FILE READER MISSED DEADLINE! -3673
14 380.09 213148 872910078
14 381.20 213561 874601726
14 382.37 213984 876334334
14 383.50 214397 878025982
14 384.72 214881 880008446
14 385.87 215226 881421566
[*] FILE READER MISSED DEADLINE! -6620
14 386.95 216185 885347683
14 388.00 216830 887989603
14 389.03 217312 889963875
14 390.10 217934 892511587
14 391.21 218578 895149411
[*] FILE READER MISSED DEADLINE! -4130
14 392.44 219065 897142216
14 393.45 219337 898256328
14 394.53 219684 899677640
14 395.54 221038 905223624
[*] FILE READER MISSED DEADLINE! -3517
14 396.54 222414 910857773
14 397.58 223404 914912813
14 398.67 224250 918378029
14 399.76 225008 921480850
[*] FILE READER MISSED DEADLINE! -2364
14 400.77 225558 923733650
14 401.82 226177 926269074
14 402.87 226862 929074834
[*] FILE READER MISSED DEADLINE! -2897
14 403.90 228775 936908535
14 404.95 230258 942982903
[*] FILE READER MISSED DEADLINE! -1215
14 405.96 231069 946302812
14 406.98 231992 950083420
14 407.99 234352 959748033
[*] FILE READER MISSED DEADLINE! -1183
14 409.02 236232 967448513
[*] FILE READER MISSED DEADLINE! -674
14 410.03 237545 972824614
14 411.06 238640 977309734
14 412.10 239686 981594150
[*] FILE READER MISSED DEADLINE! -1890
14 413.16 240535 985069707
14 414.21 241263 988051595
14 415.24 241894 990636171
14 416.30 242522 993208459
14 417.35 243090 995533040
[*] FILE READER MISSED DEADLINE! -3798
14 418.38 244083 999600368
14 419.39 244723 1002221808
14 420.44 245280 1004503280
14 421.55 245825 1006735600
[*] FILE READER MISSED DEADLINE! -3674
14 422.59 246237 1008421205
14 423.78 246584 1009842517
14 424.92 246925 1011239253
14 425.93 248265 1016727893
[*] FILE READER MISSED DEADLINE! -3211
14 426.95 250853 1027326394
14 428.06 251865 1031471546
[*] FILE READER MISSED DEADLINE! -1390
14 429.29 252366 1033521695
14 430.45 252709 1034926623
14 431.60 252981 1036040735
14 432.63 253341 1037515295
14 433.71 254329 1041562143
14 434.74 254948 1044097567
[*] FILE READER MISSED DEADLINE! -5490
14 435.85 255437 1046098564
14 436.87 255851 1047794308
14 437.88 256478 1050362500
14 439.01 257049 1052701316
14 440.05 257459 1054380676
14 441.13 257802 1055785604
14 442.30 258143 1057182340
[*] FILE READER MISSED DEADLINE! -6304
14 443.41 258556 1058872041
14 444.55 258897 1060268777
14 445.62 259308 1061952233
14 446.81 259724 1063656169
14 447.88 260140 1065360105
14 448.97 260693 1067625193
14 450.11 261036 1069030121
[*] FILE READER MISSED DEADLINE! -7369
14 451.21 261310 1070150478
14 452.23 262457 1074848590
14 453.30 263214 1077949262
14 454.46 263633 1079665486
14 455.48 263908 1080791886
14 456.50 264328 1082510259
[*] FILE READER MISSED DEADLINE! -4440
14 457.62 264956 1085082547
14 458.63 265368 1086770099
14 459.67 265709 1088166835
14 460.79 266057 1089592243
14 461.86 266397 1090984883
14 462.86 266739 1092385715
14 463.88 267081 1093786547
[*] FILE READER MISSED DEADLINE! -6661
14 464.90 268501 1099600920
14 465.97 269576 1104004120
14 467.05 270561 1108036733
[*] FILE READER MISSED DEADLINE! -1732
14 468.13 271248 1110850685
14 469.15 272500 1115978877
14 470.27 273275 1119153277
[*] FILE READER MISSED DEADLINE! -2731
14 471.40 273753 1121109218
14 472.46 274099 1122526434
14 473.50 274442 1123931362
14 474.55 275160 1126872290
14 475.62 275857 1129727202
14 476.68 276493 1132330311
[*] FILE READER MISSED DEADLINE! -5039
14 477.74 277049 1134607687
14 478.76 277530 1136577863
14 479.79 278012 1138552135
14 480.80 278424 1140239687
14 481.93 278976 1142500679
14 483.00 279526 1144751532
[*] FILE READER MISSED DEADLINE! -5214
14 484.02 280477 1148646828
14 485.09 281472 1152722348
14 486.13 282448 1156720044
[*] FILE READER MISSED DEADLINE! -2296
14 487.14 283227 1159908881
14 488.18 283782 1162182161
14 489.18 284405 1164733969
2 492.07 5 881
14 490.22 285807 1170474614
[*] Statistic for 20: reader (UncompressedFileReader)
[*] Processed 100 of 100 (100%) images
[*]  - Total time      : 489975 ms.
[*]  - Processing time : 31827 ms.
[*]  - Idle time       : 458148 ms. (93%)
[*]  - Avg. proc. time : 318 ms/image.
[*]
[*]  - Data in         : 1.16 GB
[*]  - Data out        : 1.16 GB
[*]
[*] - Avg. size in    : 11.87 MB/image.
[*] - Avg. size out   : 11.87 MB/image.
[*]  - Overall rate in : 20.31 MBit/sec.
[*]  - Overall rate out: 20.31 MBit/sec.
[*]  - Proc. rate in   : 312.73 MBit/sec.
[*]  - Proc. rate out  : 312.73 MBit/sec.
[*]  - Done : true
[*] Queue: reader[20]->color[20]
[*]   len: 5
[*]   put: 100
[*] block: 93
[*]  time: 453018
[*]   get: 95
[*] block: 1
[*]  time: 351
[*] reader is done ?
14 491.24 286850 1174746742
14 492.36 287844 1178818166
14 493.37 289829 1186946779
14 494.42 291315 1193033435
14 495.47 292465 1197741888
14 496.49 294192 1204815680
14 497.50 296427 1213968293
14 498.50 298919 1224173578
14 499.51 303629 1243463791
[*] Ibis WRITER took 499533 send 499179 get 353 bytes 1244170152 2.3769692218656235 2.3752847543638964
2 501.62 6 898
