[*] Waiting for work
[*] Got message from (Ibis 0, location fs0.das3.cs.vu.nl) data demo.grid.ListingRequest@785f8172
[*] Executing listing request: FileSetDescription: /local/jason/generated2 / hd48-%4.raw true
2 1.20 4 718
[*] Got registered message 25 reader [in: none] [out: put.0.25]
[*] Got component reader
[*] Need to create put queue put.0.25
[*]   type image.UncompressedImage
[*]   length 5
[*]   connected to [get.1.25]
[*] Created queue reader[25]->color[25] max length 5
[*] Got message from (Ibis 0, location fs0.das3.cs.vu.nl) data true
[*] Create component reader
[*]  - Type     : processors.UncompressedFileReader
[*]  - In type  : none
[*]  - In name  : none
[*]  - In ok    : true
[*]  - Out type : image.UncompressedImage
[*]  - Out name : reader[25]->color[25]
[*] - Out ok   : true
[*]  - Options  : {input=fileset://inputset, fps=31, repeat=0}
[*] SET TOTAL TO 100
[*] Started component reader
[*] FILE READER TARGET GAP 1032
[*] Allocating buffer!
14 1.00 375 1528108
14 2.02 1039 4247852
14 3.03 2318 9486636
14 4.05 3284 13441477
14 5.10 3863 15813061
14 6.13 4279 17516997
14 7.16 4823 19745221
14 8.21 6025 24668613
14 9.25 6559 26853930
14 10.29 6869 28123690
14 11.30 7217 29549098
14 12.33 8675 35521066
[*] FILE READER MISSED DEADLINE! -3451
14 13.37 9477 38804111
14 14.38 10065 41212559
14 15.39 11135 45595279
14 16.41 12111 49592975
[*] FILE READER MISSED DEADLINE! -2620
14 17.43 12895 52802292
14 18.49 13594 55665396
14 19.49 14069 57610996
14 20.55 14351 58766068
14 21.59 14868 60883700
[*] FILE READER MISSED DEADLINE! -4269
14 22.64 16151 66136921
14 23.73 16729 68504409
14 24.81 17234 70572889
14 25.87 17732 72612697
14 26.95 18222 74619737
[*] FILE READER MISSED DEADLINE! -4186
14 27.98 18603 76178366
14 28.99 18833 77120446
14 29.99 19532 79983550
14 31.00 20257 82953150
14 32.04 20885 85525438
[*] FILE READER MISSED DEADLINE! -4554
14 33.05 21599 88448035
14 34.12 22070 90377251
14 35.13 22488 92089379
14 36.15 22912 93826083
14 37.24 23418 95898659
14 38.25 23759 97295395
14 39.41 24033 98417699
14 40.58 24266 99372067
[*] FILE READER MISSED DEADLINE! -7226
14 41.65 24579 100652168
14 42.67 25010 102417544
14 43.73 25893 106034312
14 44.74 26546 108709000
[*] FILE READER MISSED DEADLINE! -3310
14 45.75 28381 116223213
14 46.76 29740 121789677
[*] FILE READER MISSED DEADLINE! -1172
14 47.80 30833 126264658
14 48.80 31525 129099090
14 49.81 32497 133080402
14 50.87 33262 136213842
[*] FILE READER MISSED DEADLINE! -2778
14 51.89 33732 138137015
14 52.95 34122 139734455
14 53.96 35315 144620983
14 54.97 36239 148405687
[*] FILE READER MISSED DEADLINE! -3188
14 56.02 36796 150685212
14 57.10 37334 152888860
14 58.10 37676 154289692
14 59.11 37946 155395612
14 60.14 38408 157287964
14 61.21 38832 159024668
14 62.23 39174 160425500
[*] FILE READER MISSED DEADLINE! -6084
14 63.28 40220 164707969
14 64.36 40648 166461057
14 65.46 41031 168029825
14 66.56 41344 169311873
14 67.67 41647 170552961
14 68.78 41836 171327105
14 69.81 42190 172777089
[*] FILE READER MISSED DEADLINE! -6900
14 70.90 42845 175458022
14 71.97 43122 176592614
14 72.98 43349 177522406
14 74.13 43586 178493158
14 75.20 43850 179574502
14 76.20 44938 184030950
[*] FILE READER MISSED DEADLINE! -5386
14 77.23 45903 187981643
14 78.26 46488 190377803
14 79.29 46954 192286539
14 80.37 47259 193535819
14 81.50 47493 194494283
14 82.63 47720 195424075
14 83.67 47948 196357963
14 84.78 48216 197455691
14 85.87 48483 198549323
[*] FILE READER MISSED DEADLINE! -8410
14 86.88 48832 199976880
14 87.92 49296 201877424
14 89.02 49735 203675568
14 90.08 50081 205092784
14 91.09 50582 207144880
14 92.14 51008 208889776
14 93.23 51396 210479024
[*] FILE READER MISSED DEADLINE! -6399
14 94.27 51890 212500501
14 95.31 52237 213921813
14 96.35 52583 215339029
14 97.37 52848 216424469
14 98.51 53200 217866261
14 99.51 53958 220971029
[*] FILE READER MISSED DEADLINE! -5154
14 100.53 55937 229075066
14 101.54 57166 234109050
[*] FILE READER MISSED DEADLINE! -1386
14 102.56 57857 236937439
14 103.66 58299 238747871
14 104.76 58812 240849119
14 105.80 59382 243183839
14 106.88 59789 244850911
14 107.90 60676 248484063
[*] FILE READER MISSED DEADLINE! -4628
14 108.91 61881 253417796
14 110.01 62583 256293188
14 111.04 62947 257784132
14 112.17 63213 258873668
14 113.19 63832 261407145
[*] FILE READER MISSED DEADLINE! -4213
14 114.20 67172 275085838
14 115.21 69885 286196339
14 116.22 71714 293687923
14 117.27 72688 297677427
[*] FILE READER MISSED DEADLINE! -1234
14 118.36 73430 300714712
14 119.39 73831 302357208
14 120.41 74238 304024280
14 121.48 75479 309107416
[*] FILE READER MISSED DEADLINE! -3419
14 122.53 76322 312558397
14 123.55 77004 315351869
14 124.59 77587 317739837
14 125.59 77979 319345469
14 126.63 79187 324291490
[*] FILE READER MISSED DEADLINE! -3461
14 127.65 79995 327601058
14 128.72 80448 329456546
14 129.74 81953 335621026
[*] FILE READER MISSED DEADLINE! -2321
14 130.78 83326 341242887
14 131.81 83967 343868423
14 132.82 84477 345957383
[*] FILE READER MISSED DEADLINE! -2470
14 133.87 85626 350661740
14 134.92 86244 353193068
14 135.98 86862 355724396
14 137.01 87568 358616172
[*] FILE READER MISSED DEADLINE! -3160
14 138.08 88544 362611921
14 139.19 89061 364729553
14 140.21 89457 366351569
14 141.23 90089 368940241
14 142.31 90488 370574545
14 143.44 90883 372192465
[*] FILE READER MISSED DEADLINE! -5553
14 144.49 91280 373816630
14 145.55 91687 375483702
14 146.58 92322 378084662
14 147.67 93063 381119798
14 148.69 93570 383196470
14 149.74 94084 385301814
[*] FILE READER MISSED DEADLINE! -4776
14 150.80 94844 388412827
14 151.86 95492 391067035
14 152.89 95899 392734107
14 153.97 96179 393880987
14 154.99 96517 395265435
14 156.05 96854 396645787
14 157.25 97196 398046619
[*] FILE READER MISSED DEADLINE! -6368
14 158.29 98029 401456640
14 159.30 99033 405569024
14 160.35 99677 408206848
[*] FILE READER MISSED DEADLINE! -2612
14 161.37 100866 413075045
14 162.49 101644 416261733
14 163.66 102047 417912421
14 164.70 102391 419321445
14 165.75 102792 420963941
14 166.80 103257 422868581
[*] FILE READER MISSED DEADLINE! -4869
14 167.81 103599 424267466
14 168.92 104058 426147530
14 170.08 104465 427814602
14 171.20 104812 429235914
14 172.21 106030 434224842
[*] FILE READER MISSED DEADLINE! -4493
14 173.23 108382 443856687
[*] FILE READER MISSED DEADLINE! -472
14 174.24 109859 449904532
14 175.33 110846 453947284
14 176.35 111470 456503188
14 177.45 112039 458833812
[*] FILE READER MISSED DEADLINE! -3328
14 178.53 112561 460969977
14 179.55 113134 463316985
14 180.56 113648 465422329
14 181.63 114169 467556345
14 182.63 114677 469637113
14 183.70 115357 472422393
[*] FILE READER MISSED DEADLINE! -4578
14 184.80 115934 474783838
14 185.97 116327 476393566
14 187.04 116607 477540446
14 188.21 116887 478687326
14 189.35 117085 479498334
14 190.44 117370 480665694
14 191.73 117706 482041950
14 192.86 117932 482967646
14 193.96 118219 484143198
14 195.14 118451 485093470
[*] FILE READER MISSED DEADLINE! -10315
14 196.14 119691 490170563
14 197.16 120986 495474883
[*] FILE READER MISSED DEADLINE! -1597
14 198.23 121919 499294504
14 199.27 122675 502391080
14 200.35 123198 504533288
14 201.40 123770 506876200
14 202.59 124238 508793128
[*] FILE READER MISSED DEADLINE! -4495
14 203.61 124756 510912909
14 204.61 125501 513964429
14 205.71 126180 516745613
14 206.79 126589 518420877
14 207.91 126871 519575949
14 208.94 127154 520735117
[*] FILE READER MISSED DEADLINE! -5010
14 209.94 128345 525611506
14 211.00 129274 529416690
14 212.07 129969 532263410
14 213.17 130426 534135282
[*] FILE READER MISSED DEADLINE! -3261
14 214.24 131124 536992343
14 215.31 131939 540330583
14 216.32 132339 541968983
14 217.43 132677 543353431
14 218.50 133080 545004119
14 219.60 133472 546609751
[*] FILE READER MISSED DEADLINE! -5494
14 220.71 133813 548004540
14 221.92 134094 549155516
14 222.96 134319 550077116
14 223.99 135654 555545276
[*] FILE READER MISSED DEADLINE! -3429
14 225.04 137338 562440993
14 226.06 138673 567909153
14 227.07 139528 571411233
[*] FILE READER MISSED DEADLINE! -1713
14 228.09 140077 573657990
14 229.13 140356 574800774
14 230.22 140635 575943558
14 231.35 140975 577336198
14 232.39 141673 580195206
14 233.55 142211 582398854
14 234.66 142558 583820166
14 235.71 142842 584981483
[*] FILE READER MISSED DEADLINE! -7117
14 236.73 143758 588733419
14 237.82 145021 593906667
14 238.96 145526 595975147
14 240.05 145865 597361744
[*] FILE READER MISSED DEADLINE! -3353
14 241.17 146092 598291536
14 242.22 146843 601367632
14 243.30 147787 605234256
14 244.41 148181 606848080
14 245.56 148531 608281680
[*] FILE READER MISSED DEADLINE! -5271
14 246.61 149051 610409653
14 247.71 149558 612486325
14 248.75 149958 614124725
14 249.86 150294 615500981
14 251.02 150574 616647861
14 252.15 151032 618523829
14 253.15 151845 621853877
[*] FILE READER MISSED DEADLINE! -5959
14 254.15 154454 632538394
[*] FILE READER MISSED DEADLINE! -159
14 255.18 156409 640544127
14 256.23 157401 644607359
14 257.30 157972 646946175
[*] FILE READER MISSED DEADLINE! -1937
14 258.34 158454 648918500
14 259.39 158858 650573284
14 260.44 159139 651724260
14 261.48 159781 654353892
14 262.54 160538 657454564
14 263.61 160886 658879972
[*] FILE READER MISSED DEADLINE! -5664
14 264.62 161341 660741705
14 265.68 161807 662650441
14 266.73 162444 665259593
14 267.80 162848 666914377
14 268.81 163132 668077641
14 269.85 164379 673183406
[*] FILE READER MISSED DEADLINE! -4592
14 270.90 165765 678860462
14 271.92 166516 681936558
14 273.00 167088 684279470
[*] FILE READER MISSED DEADLINE! -2355
14 274.02 169001 692113171
[*] FILE READER MISSED DEADLINE! -571
14 275.03 170722 699160440
14 276.07 171522 702437240
14 277.13 172240 705378168
14 278.17 172690 707221368
14 279.20 173142 709072760
[*] FILE READER MISSED DEADLINE! -3569
14 280.32 173670 711233501
14 281.33 174945 716455901
14 282.40 176089 721141725
[*] FILE READER MISSED DEADLINE! -2247
14 283.52 176724 723740738
14 284.60 177066 725141570
14 285.74 177348 726296642
14 286.79 177921 728643650
14 287.90 178442 730777666
[*] FILE READER MISSED DEADLINE! -5096
14 288.92 180179 737890471
14 289.93 182123 745853095
[*] FILE READER MISSED DEADLINE! -368
14 290.95 183184 750197004
14 292.00 183944 753309964
14 293.04 184633 756132108
14 294.13 185369 759144817
[*] FILE READER MISSED DEADLINE! -2982
14 295.18 185838 761065841
14 296.19 186288 762909041
14 297.27 187073 766124401
14 298.37 187584 768217457
14 299.47 188038 770077041
[*] FILE READER MISSED DEADLINE! -5233
14 300.58 188449 771758550
14 301.58 188791 773159382
14 302.69 189259 775076310
14 303.70 189719 776960470
14 304.81 190171 778811862
14 305.89 190805 781408726
14 306.91 191217 783096278
[*] FILE READER MISSED DEADLINE! -6227
14 308.00 191497 784241211
14 309.15 191833 785617467
14 310.24 192169 786993723
14 311.35 192508 788382267
14 312.42 192920 790069819
14 313.47 193442 792207931
14 314.62 193900 794083899
14 315.76 194184 795247163
14 316.76 194470 796416672
[*] FILE READER MISSED DEADLINE! -8018
14 317.79 195426 800332448
14 318.84 196505 804752032
14 319.89 197147 807381664
[*] FILE READER MISSED DEADLINE! -2895
14 321.02 197667 809509637
14 322.25 198065 811139845
14 323.35 198357 812335877
14 324.64 198647 813523717
14 325.75 198996 814953221
14 326.78 199459 816849669
14 327.83 199858 818483973
14 329.04 200267 820159237
[*] FILE READER MISSED DEADLINE! -8367
14 330.20 200617 821590890
14 331.21 202527 829414250
[*] FILE READER MISSED DEADLINE! -880
14 332.21 204011 835490767
14 333.21 204796 838706127
14 334.22 205490 841548751
14 335.32 205973 843527119
14 336.38 206515 845747151
[*] FILE READER MISSED DEADLINE! -3537
14 337.51 207168 848419892
14 338.56 207578 850099252
14 339.64 208149 852438068
14 340.66 208836 855252020
[*] FILE READER MISSED DEADLINE! -3826
14 341.70 210239 860996761
14 342.78 211211 864978073
14 343.82 211610 866612377
14 344.93 212062 868463769
[*] FILE READER MISSED DEADLINE! -3178
14 345.94 213414 873999614
14 346.97 214778 879586558
[*] FILE READER MISSED DEADLINE! -1263
14 348.00 215973 884479331
14 349.00 216981 888608099
14 350.09 217550 890938723
14 351.10 218000 892781923
14 352.17 218342 894182755
14 353.21 218688 895599971
[*] FILE READER MISSED DEADLINE! -4453
14 354.24 220552 903232968
14 355.26 221678 907845064
[*] FILE READER MISSED DEADLINE! -1095
14 356.30 222402 910808621
14 357.34 223088 913618477
14 358.35 224015 917415469
14 359.38 224730 920344109
[*] FILE READER MISSED DEADLINE! -3137
14 360.41 225211 922312338
14 361.42 225608 923938450
14 362.50 226007 925572754
14 363.64 226417 927252114
14 364.68 226875 929128082
14 365.70 227328 930983570
[*] FILE READER MISSED DEADLINE! -5886
14 366.73 228131 934270711
14 367.78 229010 937871095
14 368.80 229549 940078839
14 369.86 230260 942991095
14 370.93 230835 945346295
[*] FILE READER MISSED DEADLINE! -3487
14 371.99 231303 947261276
14 373.10 231699 948883292
14 374.25 232096 950509404
14 375.32 232491 952127324
14 376.38 233109 954658652
14 377.42 234109 958752705
[*] FILE READER MISSED DEADLINE! -5245
14 378.46 234813 961636289
14 379.47 235226 963327937
14 380.51 235562 964704193
14 381.59 236033 966633409
14 382.70 236612 969004993
[*] FILE READER MISSED DEADLINE! -5176
14 383.74 237132 971132966
14 384.76 237586 972992550
14 385.83 237984 974622758
14 386.92 238501 976740390
14 387.99 238841 978133030
14 389.03 239189 979558438
14 390.07 240219 983775371
[*] FILE READER MISSED DEADLINE! -5401
14 391.09 241126 987490443
14 392.17 241834 990390411
14 393.18 242413 992761995
14 394.19 242923 994850955
[*] FILE READER MISSED DEADLINE! -3579
14 395.30 243377 996708592
14 396.30 243827 998551792
14 397.34 245569 1005687024
[*] FILE READER MISSED DEADLINE! -2179
14 398.34 246849 1010927957
14 399.38 247765 1014679893
14 400.38 248533 1017825621
[*] FILE READER MISSED DEADLINE! -2185
14 401.39 249734 1022742970
14 402.44 250923 1027613114
14 403.53 251842 1031377338
[*] FILE READER MISSED DEADLINE! -2014
14 404.63 252549 1034271263
14 405.67 252949 1035909663
14 406.74 253233 1037072927
14 407.78 253632 1038707231
14 408.89 254030 1040337439
14 410.01 254552 1042475551
14 411.07 255123 1044814367
[*] FILE READER MISSED DEADLINE! -6242
14 412.11 255582 1046692484
14 413.20 256040 1048568452
14 414.29 256444 1050223236
14 415.45 256783 1051611780
14 416.46 257543 1054724740
[*] FILE READER MISSED DEADLINE! -4877
14 417.46 258584 1058986729
14 418.48 259329 1062038249
14 419.49 260382 1066351337
[*] FILE READER MISSED DEADLINE! -1922
14 420.51 261790 1072116558
14 421.57 262670 1075721038
14 422.59 263254 1078113102
14 423.64 263710 1079980878
14 424.66 264284 1082331982
[*] FILE READER MISSED DEADLINE! -3586
14 425.69 265883 1088879539
14 426.71 267056 1093684147
[*] FILE READER MISSED DEADLINE! -1247
14 427.74 267872 1097024536
14 428.83 268568 1099875352
14 429.95 268980 1101562904
14 431.10 269260 1102709784
14 432.12 269601 1104106520
[*] FILE READER MISSED DEADLINE! -4702
14 433.15 270979 1109748861
14 434.18 271888 1113472125
14 435.24 272472 1115864189
[*] FILE READER MISSED DEADLINE! -2261
14 436.27 273742 1121064162
14 437.28 274676 1124889826
14 438.31 275362 1127699682
14 439.40 275933 1130038498
14 440.46 276447 1132143842
[*] FILE READER MISSED DEADLINE! -3478
14 441.48 277256 1135455559
[*] FILE READER MISSED DEADLINE! -573
14 442.49 280976 1150690732
14 443.49 283290 1160166929
14 444.57 284295 1164283409
14 445.71 284988 1167121937
2 448.53 5 881
14 446.76 285746 1170224758
[*] Statistic for 25: reader (UncompressedFileReader)
[*] Processed 100 of 100 (100%) images
[*]  - Total time      : 446431 ms.
[*]  - Processing time : 23423 ms.
[*]  - Idle time       : 423008 ms. (94%)
[*]  - Avg. proc. time : 234 ms/image.
[*]
[*]  - Data in         : 1.16 GB
[*]  - Data out        : 1.16 GB
[*]
[*] - Avg. size in    : 11.87 MB/image.
[*] - Avg. size out   : 11.87 MB/image.
[*]  - Overall rate in : 22.30 MBit/sec.
[*]  - Overall rate out: 22.30 MBit/sec.
[*]  - Proc. rate in   : 424.94 MBit/sec.
[*]  - Proc. rate out  : 424.94 MBit/sec.
[*]  - Done : true
[*] Queue: reader[25]->color[25]
[*]   len: 5
[*]   put: 100
[*] block: 93
[*]  time: 416909
[*]   get: 95
[*] block: 1
[*]  time: 256
[*] reader is done ?
14 447.79 286444 1173083766
14 448.90 287187 1176127094
14 450.04 287707 1178257014
14 451.25 288076 1179768438
14 452.42 288370 1180972662
14 453.49 289057 1183784667
14 454.51 290135 1188200155
14 455.54 292061 1196087104
14 456.58 293424 1201669952
14 457.60 294276 1205159744
14 458.68 294658 1206724416
14 459.86 295029 1208242085
14 460.91 295941 1211977637
14 461.92 297572 1218658213
14 462.94 299010 1224546314
14 463.98 300383 1230170122
14 465.07 301277 1233829999
14 466.11 302025 1236893807
14 467.25 302694 1239634031
14 468.36 303143 1241473135
14 469.45 303594 1243320431
[*] Ibis WRITER took 469639 send 469379 get 259 bytes 1244170152 2.52787857829528 2.5264791024630835
2 471.73 6 898
