[*] Waiting for work
[*] Got message from (Ibis 0, location fs0.das3.cs.vu.nl) data demo.grid.ListingRequest@785f8172
[*] Executing listing request: FileSetDescription: /local/jason/generated2 / hd48-%4.raw true
2 1.27 4 718
[*] Got registered message 22 reader [in: none] [out: put.0.22]
[*] Got component reader
[*] Need to create put queue put.0.22
[*]   type image.UncompressedImage
[*]   length 5
[*]   connected to [get.1.22]
[*] Created queue reader[22]->color[22] max length 5
[*] Got message from (Ibis 0, location fs0.das3.cs.vu.nl) data true
[*] Create component reader
[*]  - Type     : processors.UncompressedFileReader
[*]  - In type  : none
[*]  - In name  : none
[*]  - In ok    : true
[*]  - Out type : image.UncompressedImage
[*]  - Out name : reader[22]->color[22]
[*] - Out ok   : true
[*]  - Options  : {input=fileset://inputset, fps=31, repeat=0}
[*] SET TOTAL TO 100
[*] Started component reader
[*] FILE READER TARGET GAP 1032
[*] Allocating buffer!
14 1.01 304 1237292
14 2.02 862 3522860
14 3.03 1575 6443308
14 4.05 2110 8634668
14 5.05 2538 10387756
14 6.05 3015 12341548
14 7.07 3772 15440325
14 8.08 5302 21707205
[*] FILE READER MISSED DEADLINE! -119
14 9.09 7467 30573098
14 10.09 8900 36442666
[*] FILE READER MISSED DEADLINE! -806
14 11.12 9585 39246479
14 12.18 10149 41556623
14 13.26 10531 43121295
14 14.31 10968 44911247
14 15.38 11514 47147663
14 16.44 11883 48659087
14 17.55 12215 50017012
[*] FILE READER MISSED DEADLINE! -6002
14 18.61 12583 51524340
14 19.70 12869 52695796
14 20.76 13155 53867252
14 21.79 13402 54878964
14 22.84 13689 56054516
14 23.94 14015 57389812
14 25.02 14389 58921716
14 26.05 14756 60424948
14 27.13 15091 61797108
[*] FILE READER MISSED DEADLINE! -9026
14 28.14 15460 63306585
14 29.22 15789 64654169
14 30.25 16075 65825625
14 31.28 16566 67836761
14 32.37 17098 70015833
14 33.45 17385 71191385
14 34.51 17876 73202521
[*] FILE READER MISSED DEADLINE! -6908
14 35.63 18294 74912702
14 36.68 18541 75924414
14 37.80 18920 77476798
14 38.87 19312 79082430
14 39.88 20921 85672894
[*] FILE READER MISSED DEADLINE! -3820
14 40.94 22351 91528227
14 42.00 23264 95267875
14 43.06 23841 97631267
14 44.12 24478 100238472
[*] FILE READER MISSED DEADLINE! -2704
14 45.16 24977 102282376
14 46.17 25485 104363144
14 47.21 25942 106235016
14 48.37 26271 107582600
14 49.48 26642 109102216
14 50.56 26932 110290056
14 51.60 27351 112004333
[*] FILE READER MISSED DEADLINE! -6634
14 52.61 27772 113728749
14 53.68 28062 114916589
14 54.69 28762 117783789
14 55.77 29217 119647469
14 56.78 29585 121154797
[*] FILE READER MISSED DEADLINE! -4953
14 57.80 30814 126186834
14 58.81 31810 130266450
14 59.83 32575 133399890
14 60.86 33425 136879543
[*] FILE READER MISSED DEADLINE! -2249
14 61.89 33919 138902967
14 62.91 34706 142126519
14 63.98 35767 146472375
14 65.01 36304 148671927
[*] FILE READER MISSED DEADLINE! -3470
14 66.05 36759 150533660
14 67.18 37129 152049180
14 68.23 37292 152716828
14 69.25 37586 153921052
14 70.27 37959 155448860
14 71.32 38291 156808732
14 72.44 38588 158025244
14 73.52 39293 160912924
[*] FILE READER MISSED DEADLINE! -7435
14 74.60 40013 163860097
14 75.69 40465 165711489
14 76.74 40880 167411329
14 77.87 41164 168574593
14 78.88 42479 173960833
[*] FILE READER MISSED DEADLINE! -4188
14 79.90 43413 177784550
14 80.92 43820 179451622
14 81.95 44462 182081254
14 83.03 45083 184624870
14 84.10 45593 186711883
[*] FILE READER MISSED DEADLINE! -4037
14 85.14 46191 189161291
14 86.22 46573 190725963
14 87.29 46948 192261963
14 88.29 47834 195891019
[*] FILE READER MISSED DEADLINE! -3561
14 89.30 50041 204928944
14 90.36 51211 209721264
14 91.44 51716 211787797
[*] FILE READER MISSED DEADLINE! -1539
14 92.45 52009 212987925
14 93.47 52394 214564885
14 94.52 53122 217546773
14 95.56 53548 219291669
14 96.56 53842 220495893
14 97.59 54572 223485973
[*] FILE READER MISSED DEADLINE! -5503
14 98.66 55258 226293882
14 99.68 55795 228493434
14 100.70 56175 230049914
14 101.81 56637 231942266
14 102.84 57063 233687162
[*] FILE READER MISSED DEADLINE! -4686
14 103.87 58040 237687007
14 104.94 58560 239816927
14 105.95 58909 241246431
14 107.01 59333 242983135
14 108.02 60533 247898335
[*] FILE READER MISSED DEADLINE! -3737
14 109.03 61701 252680516
14 110.04 62384 255478084
14 111.11 62889 257546564
14 112.14 63352 259443012
14 113.17 63645 260643140
[*] FILE READER MISSED DEADLINE! -4335
14 114.19 63982 262021545
14 115.28 64373 263623081
14 116.37 64671 264843689
14 117.40 65097 266588585
14 118.47 65434 267968937
14 119.47 65998 270279081
[*] FILE READER MISSED DEADLINE! -5562
14 120.47 67116 274856462
14 121.55 67756 277477902
14 122.57 68245 279480846
14 123.64 68764 281606670
14 124.66 69191 283355662
14 125.78 69577 284936718
14 126.82 69875 286157326
[*] FILE READER MISSED DEADLINE! -5645
14 127.86 70522 288805491
14 128.93 71054 290984563
14 129.95 71305 292012659
14 130.98 72497 296895091
[*] FILE READER MISSED DEADLINE! -3504
14 132.03 73358 300419800
14 133.10 73956 302869208
14 134.13 74422 304777944
14 135.15 74851 306535128
14 136.17 75756 310242008
[*] FILE READER MISSED DEADLINE! -3894
14 137.22 76797 314503997
14 138.28 77316 316629821
14 139.31 77705 318223165
14 140.32 78731 322425661
[*] FILE READER MISSED DEADLINE! -3229
14 141.36 79517 325643170
14 142.43 79867 327076770
14 143.53 80163 328289186
14 144.72 80460 329505698
14 145.76 81141 332295074
14 146.86 81715 334646178
14 147.90 82057 336045063
[*] FILE READER MISSED DEADLINE! -6186
14 148.96 82436 337597447
14 149.99 82820 339170311
14 151.03 83806 343208967
14 152.09 84396 345625607
14 153.13 84700 346870791
14 154.18 85118 348580972
[*] FILE READER MISSED DEADLINE! -5236
14 155.26 85719 351042668
14 156.33 86229 353131628
14 157.39 86799 355466348
14 158.48 87320 357600364
14 159.54 87752 359369836
14 160.63 88141 360961233
[*] FILE READER MISSED DEADLINE! -5478
14 161.73 88523 362525905
14 162.86 88865 363926737
14 163.93 89158 365126865
14 165.00 89451 366326993
14 166.02 89882 368092369
14 167.17 90261 369644753
14 168.23 90556 370853073
14 169.32 90852 372065489
[*] FILE READER MISSED DEADLINE! -8425
14 170.40 91279 373812534
14 171.44 91702 375545142
14 172.51 92169 377457974
14 173.65 92587 379170102
14 174.72 92895 380431670
14 175.73 93189 381635894
14 176.77 93486 382852406
14 177.79 93745 383913270
14 178.94 93996 384941366
[*] FILE READER MISSED DEADLINE! -8576
14 180.10 94290 386143643
14 181.15 94550 387208603
14 182.17 95072 389346715
14 183.20 95910 392779163
14 184.29 96342 394548635
14 185.36 96765 396281243
14 186.39 97104 397669787
[*] FILE READER MISSED DEADLINE! -6053
14 187.41 97913 400981504
14 188.43 98599 403791360
14 189.49 99148 406040064
14 190.61 99619 407969280
14 191.73 99917 409189888
14 192.78 100167 410213888
[*] FILE READER MISSED DEADLINE! -5402
14 193.86 100504 411592293
14 194.88 103017 421885541
[*] FILE READER MISSED DEADLINE! -889
14 195.93 104414 427605706
14 196.94 104932 429727434
14 197.95 105443 431820490
14 199.01 106084 434446026
[*] FILE READER MISSED DEADLINE! -3403
14 200.10 106569 436430639
14 201.10 106952 437999407
14 202.17 107328 439539503
14 203.20 107665 440919855
14 204.22 107962 442136367
14 205.23 108909 446015279
[*] FILE READER MISSED DEADLINE! -5370
14 206.33 109554 448655252
14 207.33 109991 450445204
14 208.40 110750 453554068
14 209.42 111607 457064340
[*] FILE READER MISSED DEADLINE! -3263
14 210.43 112689 461494265
14 211.47 113306 464021497
14 212.59 113731 465762297
14 213.59 113985 466802681
14 214.61 115126 471476217
[*] FILE READER MISSED DEADLINE! -3688
14 215.62 116035 475197534
14 216.68 116762 478175326
14 217.69 117283 480309342
14 218.72 117702 482025566
14 219.73 118230 484188254
[*] FILE READER MISSED DEADLINE! -4109
14 220.76 118890 486889667
14 221.82 119394 488954051
14 222.84 119902 491034819
14 223.88 120491 493447363
14 224.89 120868 494991555
14 225.94 121374 497064131
[*] FILE READER MISSED DEADLINE! -5235
14 226.96 121711 498442536
14 228.03 122050 499831080
14 229.07 122259 500687144
14 230.08 123859 507240744
[*] FILE READER MISSED DEADLINE! -3030
14 231.11 126115 516479373
14 232.13 127462 521996685
[*] FILE READER MISSED DEADLINE! -898
14 233.13 128256 525246962
14 234.19 128762 527319538
14 235.30 129248 529310194
14 236.30 129625 530854386
14 237.39 130057 532623858
14 238.41 130436 534176242
[*] FILE READER MISSED DEADLINE! -5594
14 239.57 130820 535747159
14 240.73 131124 536992343
14 241.92 131343 537889367
14 242.93 131513 538585687
14 243.95 131730 539474519
14 244.96 132243 541575767
14 245.99 132718 543521367
14 247.03 133013 544729687
14 248.12 133308 545938007
14 249.20 133608 547166807
[*] FILE READER MISSED DEADLINE! -9482
14 250.20 133824 548049596
14 251.29 134161 549429948
14 252.41 134498 550810300
14 253.44 135372 554390204
14 254.48 136168 557650620
14 255.53 136845 560421665
[*] FILE READER MISSED DEADLINE! -4996
14 256.53 137621 563600161
14 257.60 138060 565398305
14 258.77 138405 566811425
14 259.95 138661 567860001
14 260.97 139047 569441057
14 261.98 139690 572074785
[*] FILE READER MISSED DEADLINE! -5628
14 263.12 140133 573887366
14 264.16 140621 575886214
14 265.25 141281 578589574
14 266.29 141705 580326278
14 267.44 142000 581534598
14 268.55 142345 582947718
14 269.55 142769 584684422
[*] FILE READER MISSED DEADLINE! -6452
14 270.59 143962 589569003
14 271.60 144651 592391147
14 272.62 145233 594775019
14 273.63 145664 596540395
[*] FILE READER MISSED DEADLINE! -3396
14 274.69 146002 597922896
14 275.78 146426 599659600
14 276.82 146806 601216080
14 277.84 147205 602850384
14 278.89 147546 604247120
14 279.95 147892 605664336
14 281.08 148188 606876752
14 282.24 148396 607728720
14 283.44 148647 608756816
14 284.46 148856 609612880
[*] FILE READER MISSED DEADLINE! -9439
14 285.56 149109 610647221
14 286.62 149489 612203701
14 287.74 149825 613579957
14 288.84 150077 614612149
14 289.85 150461 616185013
14 290.87 150799 617569461
14 291.95 151179 619125941
14 293.06 151514 620498101
14 294.13 151765 621526197
[*] FILE READER MISSED DEADLINE! -8902
14 295.15 152610 624985370
14 296.20 153479 628544794
14 297.29 154055 630904090
14 298.31 154435 632460570
14 299.33 154777 633861402
[*] FILE READER MISSED DEADLINE! -4361
14 300.43 155117 635252095
14 301.51 155770 637926783
14 302.52 156299 640093567
14 303.60 156866 642415999
14 304.64 157287 644140415
[*] FILE READER MISSED DEADLINE! -4570
14 305.69 158274 648181220
14 306.75 158902 650753508
14 307.87 159235 652117476
14 308.89 160012 655300068
14 309.96 160880 658855396
[*] FILE READER MISSED DEADLINE! -3813
14 311.05 161402 660991561
14 312.07 161781 662543945
14 313.11 162218 664333897
14 314.18 162554 665710153
14 315.27 162891 667090505
14 316.30 163286 668708425
14 317.34 163853 671030857
[*] FILE READER MISSED DEADLINE! -6385
14 318.41 164451 673478318
14 319.49 164971 675608238
14 320.56 165349 677156526
14 321.66 165558 678012590
14 322.70 165729 678713006
14 323.78 165903 679425710
14 324.87 166243 680818350
14 326.00 166583 682210990
14 327.11 166929 683628206
[*] FILE READER MISSED DEADLINE! -8975
14 328.23 167181 684658451
14 329.26 167349 685346579
14 330.49 167560 686210835
14 331.57 167772 687079187
14 332.57 168938 691855123
14 333.59 169982 696131347
[*] FILE READER MISSED DEADLINE! -5063
14 334.65 170789 699434872
14 335.68 171384 701871992
14 336.78 171814 703633272
14 337.85 172113 704857976
14 338.89 172684 707196792
14 339.97 173211 709353437
[*] FILE READER MISSED DEADLINE! -5127
14 341.06 173718 711430109
14 342.10 174355 714039261
14 343.17 175186 717443037
14 344.18 175855 720183261
[*] FILE READER MISSED DEADLINE! -3987
14 345.24 176321 722090050
14 346.27 176701 723646530
14 347.30 177509 726956098
14 348.33 178158 729614402
14 349.41 178665 731691074
14 350.50 179134 733612098
[*] FILE READER MISSED DEADLINE! -4861
14 351.51 179435 734843047
14 352.55 179960 736993447
14 353.68 180340 738549927
14 354.84 180636 739762343
14 355.93 180936 740991143
14 356.94 181821 744616103
[*] FILE READER MISSED DEADLINE! -5686
14 357.96 182558 747632908
14 359.01 182979 749357324
14 360.08 183404 751098124
14 361.12 183801 752724236
14 362.13 184139 754108684
14 363.14 184992 757602572
[*] FILE READER MISSED DEADLINE! -5045
14 364.22 185610 760131953
14 365.26 185954 761540977
14 366.27 187565 768139633
[*] FILE READER MISSED DEADLINE! -1914
14 367.28 190618 780642774
[*] FILE READER MISSED DEADLINE! -96
14 368.33 192459 788181563
14 369.38 193755 793489979
[*] FILE READER MISSED DEADLINE! -1331
14 370.40 194670 797235872
14 371.43 195205 799427232
14 372.47 195583 800975520
14 373.64 195959 802515616
14 374.76 196267 803777184
14 375.76 196804 805976736
14 376.94 197338 808164000
[*] FILE READER MISSED DEADLINE! -6102
14 378.00 197984 810808069
14 379.13 198682 813667077
14 380.20 199213 815842053
14 381.21 200194 819860229
[*] FILE READER MISSED DEADLINE! -3286
14 382.26 201380 824716138
14 383.31 202495 829283178
14 384.35 203650 834012111
[*] FILE READER MISSED DEADLINE! -1722
14 385.39 204491 837456847
14 386.53 205012 839590863
14 387.60 205964 843490255
[*] FILE READER MISSED DEADLINE! -2995
14 388.63 206960 847567924
14 389.77 207646 850377780
14 390.77 208101 852241460
14 391.83 208484 853810228
14 392.91 208861 855354420
14 393.99 209312 857201716
[*] FILE READER MISSED DEADLINE! -5046
14 395.09 210161 860677273
14 396.18 210937 863855769
14 397.19 211502 866170009
14 398.35 211971 868091033
14 399.39 212987 872250622
[*] FILE READER MISSED DEADLINE! -3847
14 400.40 214564 878710014
14 401.45 215753 883578211
[*] FILE READER MISSED DEADLINE! -1179
14 402.46 216462 886482275
14 403.55 216916 888341859
14 404.59 217865 892228963
14 405.63 218510 894870883
[*] FILE READER MISSED DEADLINE! -3562
14 406.65 219040 897039816
14 407.72 219417 898584008
14 408.84 219869 900435400
14 409.96 220394 902585800
14 411.01 220856 904478152
14 412.12 221231 906014152
14 413.26 221614 907582920
[*] FILE READER MISSED DEADLINE! -6701
14 414.40 221994 909137453
14 415.46 222683 911959597
14 416.58 223511 915351085
14 417.71 224194 918148653
14 418.72 224749 920421933
[*] FILE READER MISSED DEADLINE! -3988
14 419.80 225280 922594962
14 420.80 225885 925073042
14 421.93 226486 927534738
14 423.00 226858 929058450
14 424.20 227229 930578066
14 425.28 227602 932105874
[*] FILE READER MISSED DEADLINE! -6326
14 426.40 227982 933660407
14 427.47 228441 935540471
14 428.63 228823 937105143
14 429.72 229055 938055415
14 430.73 229775 941004535
14 431.74 230634 944522999
[*] FILE READER MISSED DEADLINE! -5072
14 432.87 231185 946777948
14 433.90 231804 949313372
14 434.93 233380 955768668
[*] FILE READER MISSED DEADLINE! -2188
14 435.97 234606 960788417
14 437.03 235755 965494721
14 438.07 236594 968931265
[*] FILE READER MISSED DEADLINE! -2121
14 439.14 237209 971448358
14 440.19 237996 974671910
14 441.23 238924 978472998
14 442.25 239608 981274662
[*] FILE READER MISSED DEADLINE! -3277
14 443.31 240293 984078475
14 444.32 240826 986261643
14 445.32 241781 990173323
14 446.33 242705 993958027
[*] FILE READER MISSED DEADLINE! -2781
14 447.41 243573 997511408
14 448.57 244106 999694576
14 449.58 245999 1007448304
[*] FILE READER MISSED DEADLINE! -1906
14 450.60 248790 1018878293
[*] FILE READER MISSED DEADLINE! -155
14 451.66 250401 1025475002
14 452.69 251268 1029026234
14 453.73 252163 1032690207
[*] FILE READER MISSED DEADLINE! -1920
14 454.83 253036 1036266015
14 455.88 254036 1040362015
14 456.97 255299 1045533316
[*] FILE READER MISSED DEADLINE! -2046
14 458.05 256167 1049088644
14 459.06 256929 1052209796
14 460.08 257620 1055040132
14 461.15 258150 1057211012
[*] FILE READER MISSED DEADLINE! -3528
14 462.23 258620 1059134185
14 463.31 259150 1061305065
14 464.32 259601 1063152361
14 465.33 260279 1065929449
[*] FILE READER MISSED DEADLINE! -3730
14 466.44 261511 1070973774
14 467.55 262129 1073505102
14 468.56 262686 1075786574
14 469.61 263887 1080705870
[*] FILE READER MISSED DEADLINE! -2705
14 470.62 266663 1092074419
14 471.63 268636 1100153880
14 472.65 269758 1104749592
[*] FILE READER MISSED DEADLINE! -1328
14 473.66 270696 1108589693
14 474.77 271376 1111374973
14 475.93 271828 1113226365
14 476.94 273396 1119648893
[*] FILE READER MISSED DEADLINE! -2671
14 477.98 274367 1123624162
14 478.99 275774 1129387234
[*] FILE READER MISSED DEADLINE! -1182
14 479.99 279339 1143987527
14 481.01 281845 1154250156
[*] FILE READER MISSED DEADLINE! -123
14 482.05 283858 1162493457
14 483.09 285525 1169321489
2 485.17 5 881
[*] Statistic for 22: reader (UncompressedFileReader)
[*] Processed 100 of 100 (100%) images
[*]  - Total time      : 483079 ms.
[*]  - Processing time : 27716 ms.
[*]  - Idle time       : 455363 ms. (94%)
[*]  - Avg. proc. time : 277 ms/image.
[*]
[*]  - Data in         : 1.16 GB
[*]  - Data out        : 1.16 GB
[*]
[*] - Avg. size in    : 11.87 MB/image.
[*] - Avg. size out   : 11.87 MB/image.
[*]  - Overall rate in : 20.60 MBit/sec.
[*]  - Overall rate out: 20.60 MBit/sec.
[*]  - Proc. rate in   : 359.12 MBit/sec.
[*]  - Proc. rate out  : 359.12 MBit/sec.
[*]  - Done : true
[*] Queue: reader[22]->color[22]
[*]   len: 5
[*]   put: 100
[*] block: 93
[*]  time: 449755
[*]   get: 95
[*] block: 1
[*]  time: 291
[*] reader is done ?
14 484.16 287061 1175610998
14 485.21 288155 1180092022
14 486.27 288997 1183538907
14 487.33 289856 1187057371
14 488.36 290869 1191206619
14 489.38 293301 1201166144
14 490.45 295067 1208397733
14 491.45 296222 1213128613
14 492.46 297211 1217179557
14 493.52 298243 1221404682
14 494.52 299432 1226274826
14 495.53 302392 1238397039
[*] Ibis WRITER took 496305 send 496011 get 292 bytes 1244170152 2.392150817626343 2.390733760896344
2 498.39 6 898
