[*] Waiting for work
[*] Got message from (Ibis 0, location fs0.das3.cs.vu.nl) data demo.grid.ListingRequest@785f8172
[*] Executing listing request: FileSetDescription: /local/jason/generated2 / hd48-%4.raw true
2 1.27 4 718
[*] Got registered message 12 reader [in: none] [out: put.0.12]
[*] Got component reader
[*] Need to create put queue put.0.12
[*]   type image.UncompressedImage
[*]   length 5
[*]   connected to [get.1.12]
[*] Created queue reader[12]->color[12] max length 5
[*] Create component reader
[*]  - Type     : processors.UncompressedFileReader
[*]  - In type  : none
[*]  - In name  : none
[*]  - In ok    : true
[*]  - Out type : image.UncompressedImage
[*]  - Out name : reader[12]->color[12]
[*] - Out ok   : true
[*]  - Options  : {input=fileset://inputset, fps=31, repeat=0}
[*] SET TOTAL TO 100
[*] Started component reader
[*] Got message from (Ibis 0, location fs0.das3.cs.vu.nl) data true
[*] FILE READER TARGET GAP 1032
[*] Allocating buffer!
14 1.02 219 889132
14 2.04 871 3559724
14 3.08 1434 5865772
14 4.08 1955 7999788
14 5.16 2323 9507116
14 6.22 2578 10551596
14 7.28 2818 11534636
[*] FILE READER MISSED DEADLINE! -481
14 8.45 3438 14072261
14 9.49 4813 19704261
14 10.51 5700 23337413
14 11.54 6115 25035306
[*] FILE READER MISSED DEADLINE! -2538
14 12.60 6487 26559018
14 13.61 6858 28078634
14 14.71 7168 29348394
14 15.77 7453 30515754
14 16.80 7974 32649770
14 17.90 8357 34218538
14 18.92 9249 37870223
[*] FILE READER MISSED DEADLINE! -6417
14 19.94 10593 43375247
14 20.95 11608 47532687
[*] FILE READER MISSED DEADLINE! -1630
14 21.95 12543 51360500
14 22.99 13096 53625588
14 24.04 13563 55538420
14 25.09 14008 57361140
14 26.13 14409 59003636
14 27.19 14938 61170420
[*] FILE READER MISSED DEADLINE! -5275
14 28.20 15375 62958425
14 29.32 15720 64371545
14 30.34 16124 66026329
14 31.39 16617 68045657
14 32.41 18513 75809726
[*] FILE READER MISSED DEADLINE! -3437
14 33.46 19454 79664062
14 34.48 20105 82330558
14 35.49 20650 84562878
14 36.52 21068 86275006
[*] FILE READER MISSED DEADLINE! -3612
14 37.61 21579 88366115
14 38.68 22045 90274851
14 39.73 22476 92040227
14 40.77 22866 93637667
14 41.87 23289 95370275
14 42.91 23585 96582691
14 43.99 23926 97979427
14 45.09 24361 99759240
[*] FILE READER MISSED DEADLINE! -6941
14 46.12 25610 104875144
14 47.16 26413 108164232
14 48.28 26832 109880456
[*] FILE READER MISSED DEADLINE! -3011
14 49.31 27629 113143021
14 50.31 28493 116681965
14 51.32 29623 121310445
14 52.36 30586 125252946
[*] FILE READER MISSED DEADLINE! -2230
14 53.46 31203 127780178
14 54.50 31545 129181010
14 55.51 32770 134198610
[*] FILE READER MISSED DEADLINE! -2868
14 56.52 33860 138661303
14 57.56 34509 141319607
14 58.57 35433 145104311
14 59.63 36407 149093815
[*] FILE READER MISSED DEADLINE! -2645
14 60.64 36833 150836764
14 61.71 37258 152577564
14 62.78 37595 153957916
14 63.79 38079 155940380
14 64.81 38914 159360540
14 65.87 39509 161795713
[*] FILE READER MISSED DEADLINE! -5052
14 66.91 39937 163548801
14 67.99 40276 164937345
14 69.07 40613 166317697
14 70.22 40864 167345793
14 71.25 41176 168623745
14 72.27 41479 169864833
14 73.41 41822 171269761
14 74.58 42073 172297857
14 75.68 42325 173330049
[*] FILE READER MISSED DEADLINE! -9242
14 76.79 42745 175048422
14 77.85 43081 176424678
14 78.86 43562 178394854
14 79.87 43988 180139750
14 80.97 44282 181343974
14 82.00 44540 182400742
14 83.04 45152 184907494
[*] FILE READER MISSED DEADLINE! -6300
14 84.05 46249 189398859
14 85.11 47094 192859979
14 86.20 47583 194862923
14 87.24 48025 196673355
14 88.31 48406 198233931
[*] FILE READER MISSED DEADLINE! -4102
14 89.33 49318 201967536
14 90.36 49876 204253104
14 91.41 50212 205629360
14 92.47 50511 206854064
14 93.51 51752 211935253
[*] FILE READER MISSED DEADLINE! -3847
14 94.60 52835 216371221
14 95.61 53632 219635733
14 96.69 54322 222461973
14 97.72 54702 224016506
[*] FILE READER MISSED DEADLINE! -3154
14 98.75 54998 225228922
14 99.90 55295 226445434
14 100.90 55816 228579450
14 101.95 56571 231671930
14 103.08 56961 233269370
14 104.10 57264 234510458
[*] FILE READER MISSED DEADLINE! -6026
14 105.12 58024 237621471
14 106.16 58380 239079647
14 107.21 58633 240115935
14 108.34 58891 241172703
14 109.41 59185 242376927
14 110.46 59564 243929311
14 111.47 60701 248586463
[*] FILE READER MISSED DEADLINE! -5836
14 112.49 61978 253815108
14 113.51 62731 256899396
14 114.54 63293 259201348
14 115.59 63812 261325225
[*] FILE READER MISSED DEADLINE! -3001
14 116.62 64647 264745385
14 117.68 65346 267608489
14 118.79 65826 269574569
14 119.89 66127 270807465
14 120.97 66428 272040361
[*] FILE READER MISSED DEADLINE! -4894
14 122.03 67274 275503630
14 123.06 67961 278317582
14 124.09 68963 282421774
14 125.16 69618 285104654
[*] FILE READER MISSED DEADLINE! -3161
14 126.25 70170 287363699
14 127.32 70603 289137267
14 128.33 70989 290718323
14 129.47 71325 292094579
14 130.52 71986 294802035
14 131.60 72539 297067123
[*] FILE READER MISSED DEADLINE! -5686
14 132.65 73015 299014872
14 133.72 73477 300907224
14 134.81 73854 302451416
14 135.85 74275 304175832
14 136.88 74618 305580760
14 137.90 75557 309426904
14 138.92 75993 311210813
[*] FILE READER MISSED DEADLINE! -5392
14 140.04 76371 312759101
14 141.12 76747 314299197
14 142.22 77087 315691837
14 143.35 77385 316912445
14 144.39 77683 318133053
14 145.42 78540 321643325
[*] FILE READER MISSED DEADLINE! -5984
14 146.50 79378 325073826
14 147.51 79715 326454178
14 148.57 80009 327658402
14 149.58 81323 333040546
[*] FILE READER MISSED DEADLINE! -3312
14 150.60 82644 338449415
14 151.63 83471 341836807
14 152.68 84070 344290311
14 153.68 84709 346907655
14 154.72 85129 348626028
[*] FILE READER MISSED DEADLINE! -3327
14 155.74 85557 350379116
14 156.82 86352 353635436
14 157.86 86771 355351660
14 158.87 87716 359222380
[*] FILE READER MISSED DEADLINE! -3644
14 159.91 88693 363222225
14 160.99 89284 365642961
14 162.08 89664 367199441
14 163.18 90314 369861841
14 164.31 90649 371234001
14 165.35 90988 372622545
[*] FILE READER MISSED DEADLINE! -5427
14 166.43 91411 374353206
14 167.44 91708 375569718
14 168.52 92129 377294134
14 169.58 92473 378703158
14 170.66 93094 381246774
14 171.67 93442 382672182
14 172.69 93651 383528246
14 173.75 93904 384564534
[*] FILE READER MISSED DEADLINE! -7473
14 174.75 95208 389903771
14 175.78 96717 396084635
[*] FILE READER MISSED DEADLINE! -1138
14 176.79 97553 399506944
14 177.92 98041 401505792
14 178.99 98381 402898432
14 180.10 98760 404450816
14 181.13 99071 405724672
14 182.26 99327 406773248
14 183.33 99628 408006144
14 184.35 99970 409406976
[*] FILE READER MISSED DEADLINE! -7213
14 185.38 101328 414967397
14 186.42 102077 418035301
14 187.50 102583 420107877
14 188.55 103006 421840485
[*] FILE READER MISSED DEADLINE! -3787
14 189.66 103348 423239370
14 190.89 103601 424275658
14 191.90 104391 427511498
14 192.96 105090 430374602
14 193.99 105599 432459466
14 195.02 105984 434036426
[*] FILE READER MISSED DEADLINE! -4917
14 196.05 106935 437929775
14 197.08 107444 440014639
14 198.12 108096 442685231
14 199.17 108664 445011759
14 200.32 109095 446777135
14 201.32 109474 448327572
[*] FILE READER MISSED DEADLINE! -4778
14 202.37 109940 450236308
14 203.37 110198 451293076
14 204.39 110451 452329364
14 205.40 110890 454127508
14 206.41 111465 456482708
14 207.47 112129 459202452
[*] FILE READER MISSED DEADLINE! -6019
14 208.51 112512 460769273
14 209.60 112855 462174201
14 210.64 113288 463947769
14 211.68 113667 465500153
14 212.79 113961 466704377
14 213.80 114609 469358585
14 214.83 115373 472487929
[*] FILE READER MISSED DEADLINE! -5726
14 215.89 115878 474554462
14 216.90 116578 477421662
14 217.91 117302 480387166
14 218.96 117856 482656350
14 219.98 118190 484024414
[*] FILE READER MISSED DEADLINE! -4525
14 221.01 119254 488380611
14 222.05 120168 492124355
14 223.16 120564 493746371
14 224.30 120814 494770371
14 225.40 121064 495794371
[*] FILE READER MISSED DEADLINE! -4319
14 226.42 122186 500388136
14 227.42 122889 503267624
14 228.46 123403 505372968
14 229.49 123739 506749224
14 230.54 124038 507973928
[*] FILE READER MISSED DEADLINE! -4387
14 231.65 124729 510802317
14 232.71 125109 512358797
14 233.81 125486 513902989
14 234.88 125823 515283341
14 235.94 126074 516311437
14 237.02 126373 517536141
14 238.06 126761 519125389
14 239.10 127149 520714637
14 240.18 127489 522107277
[*] FILE READER MISSED DEADLINE! -8265
14 241.31 127744 523149810
14 242.47 129244 529293810
14 243.50 130743 535431767
[*] FILE READER MISSED DEADLINE! -1828
14 244.50 131713 539404887
14 245.52 132501 542632535
14 246.55 133474 546617943
[*] FILE READER MISSED DEADLINE! -2422
14 247.57 134112 549229244
14 248.67 134704 551654076
14 249.80 135174 553579196
14 250.80 135563 555172540
14 251.87 136009 556999356
14 252.92 136584 559354556
[*] FILE READER MISSED DEADLINE! -5284
14 254.02 137152 561679137
14 255.04 138294 566356769
14 256.11 138919 568916769
14 257.24 139260 570313505
[*] FILE READER MISSED DEADLINE! -3686
14 258.27 140426 575087494
14 259.30 141456 579306374
14 260.31 142143 582120326
14 261.31 142723 584496006
[*] FILE READER MISSED DEADLINE! -2578
14 262.35 143177 586353643
14 263.35 143992 589691883
14 264.42 144670 592468971
14 265.45 145071 594111467
14 266.55 145458 595696619
14 267.65 145743 596863979
[*] FILE READER MISSED DEADLINE! -5378
14 268.65 145972 597800016
14 269.81 146305 599163984
14 270.90 146639 600532048
14 271.90 147152 602633296
14 272.99 147608 604501072
14 274.06 148001 606110800
14 275.07 148336 607482960
14 276.21 148614 608621648
[*] FILE READER MISSED DEADLINE! -8291
14 277.47 148891 609754293
14 278.49 149114 610667701
14 279.53 149395 611818677
14 280.55 150140 614870197
14 281.65 150877 617888949
14 282.67 151332 619752629
14 283.80 151721 621345973
[*] FILE READER MISSED DEADLINE! -6117
14 284.94 152062 622740762
14 286.13 152395 624104730
14 287.27 152734 625493274
14 288.29 153068 626861338
14 289.37 153572 628925722
14 290.40 153966 630539546
14 291.43 154544 632907034
[*] FILE READER MISSED DEADLINE! -6227
14 292.43 156858 642383231
[*] FILE READER MISSED DEADLINE! -445
14 293.47 158456 648926692
14 294.55 159369 652666340
14 295.64 159966 655111652
14 296.72 160361 656729572
14 297.75 160751 658327012
[*] FILE READER MISSED DEADLINE! -3802
14 298.78 162682 666234441
14 299.80 164322 672949934
[*] FILE READER MISSED DEADLINE! -663
14 300.84 165478 677684910
14 301.93 166060 680068782
14 302.96 166561 682120878
14 304.00 167007 683947694
[*] FILE READER MISSED DEADLINE! -3528
14 305.04 167568 686243603
14 306.07 168615 690532115
14 307.13 169083 692449043
14 308.17 169425 693849875
14 309.28 169757 695209747
14 310.42 170158 696850296
[*] FILE READER MISSED DEADLINE! -5069
14 311.48 170924 699987832
14 312.55 171558 702584696
14 313.58 172356 705853304
14 314.59 172980 708409208
[*] FILE READER MISSED DEADLINE! -3586
14 315.60 173596 710930397
14 316.70 174109 713031645
14 317.79 174553 714850269
14 318.81 175284 717844445
[*] FILE READER MISSED DEADLINE! -3260
14 319.81 178018 729040962
[*] FILE READER MISSED DEADLINE! -211
14 320.85 179820 736420007
14 321.90 180786 740376743
14 322.94 181257 742305959
14 324.02 181780 744448167
[*] FILE READER MISSED DEADLINE! -3062
14 325.03 182717 748284172
14 326.04 183554 751712524
14 327.09 184381 755099916
14 328.14 185072 757930252
[*] FILE READER MISSED DEADLINE! -3047
14 329.17 185593 760062321
14 330.22 185975 761626993
14 331.32 186278 762868081
14 332.46 186503 763789681
14 333.71 186727 764707185
14 334.73 187216 766710129
14 335.89 187603 768295281
14 337.14 187979 769835377
14 338.24 188278 771060081
[*] FILE READER MISSED DEADLINE! -8981
14 339.34 188503 771979734
14 340.76 188735 772930006
14 341.91 188960 773851606
14 342.96 189189 774789590
14 344.25 189492 776030678
14 345.57 189793 777263574
14 346.57 190019 778189270
14 347.73 190321 779426262
14 348.99 190622 780659158
14 350.07 190849 781588950
14 351.19 191078 782526934
14 352.21 191383 783776214
[*] FILE READER MISSED DEADLINE! -12606
14 353.31 192277 787436091
14 354.38 193042 790569531
14 355.45 193932 794214971
[*] FILE READER MISSED DEADLINE! -2879
14 356.56 194694 797334176
14 357.62 195375 800123552
14 358.71 195982 802609824
14 359.78 196842 806132384
[*] FILE READER MISSED DEADLINE! -3043
14 360.85 198107 811311877
14 361.88 198903 814572293
14 362.92 199500 817017605
14 364.01 200031 819192581
14 365.12 200405 820724485
[*] FILE READER MISSED DEADLINE! -4143
14 366.25 200779 822254442
14 367.42 201241 824146794
14 368.59 201693 825998186
14 369.64 202222 828164970
14 370.76 202676 830024554
14 371.88 203056 831581034
[*] FILE READER MISSED DEADLINE! -5852
14 372.91 204424 837182415
14 373.94 205453 841397199
14 375.04 206299 844862415
[*] FILE READER MISSED DEADLINE! -2122
14 376.15 206905 847342644
14 377.24 207365 849226804
14 378.33 207742 850770996
14 379.37 208042 851999796
14 380.40 208349 853257268
14 381.42 209462 857816116
[*] FILE READER MISSED DEADLINE! -5140
14 382.48 210466 861926553
14 383.54 211145 864707737
14 384.67 211742 867153049
14 385.94 212190 868988057
14 387.05 212562 870511769
[*] FILE READER MISSED DEADLINE! -4529
14 388.06 214310 877669630
[*] FILE READER MISSED DEADLINE! -681
14 389.08 216081 884921699
14 390.11 217476 890635619
14 391.11 218568 895108451
[*] FILE READER MISSED DEADLINE! -1436
14 392.26 219321 898190792
14 393.39 219865 900419016
14 394.54 220394 902585800
14 395.62 220922 904748488
14 396.72 221751 908144072
[*] FILE READER MISSED DEADLINE! -4394
14 397.78 222282 910317101
14 398.90 222733 912164397
14 400.00 223340 914650669
14 401.02 223953 917161517
14 402.05 224708 920253997
[*] FILE READER MISSED DEADLINE! -4351
14 403.11 226246 926551698
14 404.18 227254 930680466
[*] FILE READER MISSED DEADLINE! -1870
14 405.35 227953 933541623
14 406.44 228423 935466743
14 407.50 228799 937006839
14 408.68 229173 938538743
14 409.86 229549 940078839
14 411.00 229854 941328119
14 412.16 230227 942855927
14 413.19 230604 944400119
[*] FILE READER MISSED DEADLINE! -7809
14 414.32 230987 945966940
14 415.48 231440 947822428
14 416.59 231897 949694300
14 417.76 232349 951545692
14 418.84 232888 953753436
14 419.94 233669 956952412
[*] FILE READER MISSED DEADLINE! -5492
14 420.97 234219 959203265
14 422.08 234843 961759169
14 423.10 235614 964917185
14 424.16 236230 967440321
14 425.30 236763 969623489
[*] FILE READER MISSED DEADLINE! -4312
14 426.37 237142 971173926
14 427.50 237520 972722214
14 428.59 238130 975220774
14 429.64 238744 977735718
14 430.78 239194 979578918
14 432.08 239500 980832294
14 433.33 239797 982048806
[*] FILE READER MISSED DEADLINE! -7108
14 434.34 240823 986249355
[*] FILE READER MISSED DEADLINE! -230
14 435.34 243682 997957872
14 436.36 245794 1006608624
[*] FILE READER MISSED DEADLINE! -346
14 437.37 247255 1012590933
14 438.39 248092 1016019285
14 439.41 248697 1018497365
14 440.50 249153 1020363194
[*] FILE READER MISSED DEADLINE! -2811
14 441.51 250032 1023963578
14 442.61 250956 1027748282
14 443.78 251576 1030287802
14 444.83 251951 1031823802
[*] FILE READER MISSED DEADLINE! -3685
14 445.85 254996 1044294175
14 446.88 257356 1053958788
[*] FILE READER MISSED DEADLINE! -329
14 447.92 258763 1059719913
14 448.98 259600 1063148265
14 450.00 260365 1066281705
14 451.05 260973 1068772073
[*] FILE READER MISSED DEADLINE! -3053
14 452.26 261500 1070928718
14 453.26 261952 1072780110
14 454.31 263682 1079866190
[*] FILE READER MISSED DEADLINE! -2329
14 455.39 264699 1084029875
14 456.47 265474 1087204275
14 457.49 266006 1089383347
14 458.54 267072 1093749683
[*] FILE READER MISSED DEADLINE! -2986
14 459.63 267763 1096578072
14 460.82 268213 1098421272
14 462.03 268600 1100006424
14 463.14 268973 1101534232
14 464.23 269420 1103365144
[*] FILE READER MISSED DEADLINE! -4826
14 465.24 271417 1111542909
14 466.25 273520 1120154850
[*] FILE READER MISSED DEADLINE! -397
14 467.29 274805 1125418210
14 468.38 275671 1128965346
14 469.40 276353 1131758818
[*] FILE READER MISSED DEADLINE! -2387
14 470.48 276739 1133337927
14 471.50 277117 1134886215
14 472.57 279031 1142725959
[*] FILE READER MISSED DEADLINE! -2338
14 473.63 280127 1147213228
14 474.67 281928 1154590124
[*] FILE READER MISSED DEADLINE! -1419
14 475.80 282767 1158024721
14 476.92 283305 1160228369
14 477.95 284084 1163419153
14 479.02 284763 1166200337
14 480.09 285212 1168039441
2 482.89 5 881
[*] Statistic for 12: reader (UncompressedFileReader)
[*] Processed 100 of 100 (100%) images
[*]  - Total time      : 480743 ms.
[*]  - Processing time : 24565 ms.
[*]  - Idle time       : 456178 ms. (94%)
[*]  - Avg. proc. time : 245 ms/image.
[*]
[*]  - Data in         : 1.16 GB
[*]  - Data out        : 1.16 GB
[*]
[*] - Avg. size in    : 11.87 MB/image.
[*] - Avg. size out   : 11.87 MB/image.
[*]  - Overall rate in : 20.70 MBit/sec.
[*]  - Overall rate out: 20.70 MBit/sec.
[*]  - Proc. rate in   : 405.18 MBit/sec.
[*]  - Proc. rate out  : 405.18 MBit/sec.
[*]  - Done : true
[*] Queue: reader[12]->color[12]
[*]   len: 5
[*]   put: 100
[*] block: 94
[*]  time: 451297
[*]   get: 95
[*] block: 1
[*]  time: 327
[*] reader is done ?
14 481.15 285772 1170331254
14 482.19 286459 1173145206
14 483.24 287296 1176573558
14 484.34 287985 1179395702
14 485.35 289324 1184878299
14 486.38 290809 1190960859
14 487.40 292942 1199695680
14 488.43 294819 1207381925
14 489.46 296634 1214816165
14 490.49 297776 1219491850
14 491.54 298627 1222977546
14 492.56 299529 1226672138
14 493.61 300430 1230362634
14 494.62 301110 1233145967
[*] Ibis WRITER took 495433 send 495102 get 330 bytes 1244170152 2.396542771391875 2.394941635300152
2 497.51 6 898
