[*] Waiting for work
[*] Got message from (Ibis 0, location fs0.das3.cs.vu.nl) data demo.grid.ListingRequest@785f8172
[*] Executing listing request: FileSetDescription: /local/jason/generated2 / hd48-%4.raw true
2 1.25 4 718
[*] Got registered message 18 reader [in: none] [out: put.0.18]
[*] Got component reader
[*] Need to create put queue put.0.18
[*]   type image.UncompressedImage
[*]   length 5
[*]   connected to [get.1.18]
[*] Created queue reader[18]->color[18] max length 5
[*] Create component reader
[*]  - Type     : processors.UncompressedFileReader
[*]  - In type  : none
[*]  - In name  : none
[*]  - In ok    : true
[*]  - Out type : image.UncompressedImage
[*]  - Out name : reader[18]->color[18]
[*] - Out ok   : true
[*]  - Options  : {input=fileset://inputset, fps=31, repeat=0}
[*] SET TOTAL TO 100
[*] Started component reader
[*] Got message from (Ibis 0, location fs0.das3.cs.vu.nl) data true
[*] FILE READER TARGET GAP 1032
[*] Allocating buffer!
13 1.00 312 1270060
13 2.01 1113 4550956
13 3.03 1718 7029036
13 4.05 2160 8839468
13 5.06 2528 10346796
13 6.09 3119 12765637
13 7.10 3583 14666181
13 8.13 3968 16243141
13 9.14 4209 17230277
13 10.18 4500 18422213
13 11.21 4739 19401157
13 12.23 5275 21596613
13 13.25 5866 24017349
[*] FILE READER MISSED DEADLINE! -5404
13 14.26 6227 25494058
13 15.27 6555 26837546
13 16.29 7388 30249514
13 17.31 7804 31953450
13 18.31 8088 33116714
13 19.39 8340 34148906
13 20.40 8591 35177002
13 21.47 8892 36409898
13 22.48 9149 37460623
[*] FILE READER MISSED DEADLINE! -7517
13 23.51 9529 39017103
13 24.54 10342 42347151
13 25.57 10821 44309135
13 26.58 11225 45963919
13 27.61 11634 47639183
13 28.61 11968 49007247
[*] FILE READER MISSED DEADLINE! -5918
13 29.63 12264 50217716
13 30.68 12695 51983092
13 31.68 13025 53334772
13 32.71 13348 54657780
13 33.73 13641 55857908
13 34.74 13957 57152244
13 35.74 14338 58712820
13 36.78 14745 60379892
13 37.81 15071 61715188
[*] FILE READER MISSED DEADLINE! -7926
13 38.86 15349 62851929
13 39.86 15564 63732569
13 40.87 15813 64752473
13 41.91 16347 66939737
13 42.91 16891 69167961
13 43.94 17562 71916377
13 44.95 17980 73628505
13 46.00 18278 74847166
[*] FILE READER MISSED DEADLINE! -6534
13 47.02 18541 75924414
13 48.02 18987 77751230
13 49.03 19528 79967166
13 50.04 20161 82559934
13 51.07 21288 87174179
[*] FILE READER MISSED DEADLINE! -4187
13 52.08 21982 90016803
13 53.09 22334 91458595
13 54.13 22940 93940771
13 55.20 23339 95575075
13 56.22 23802 97471523
13 57.27 24155 98917411
[*] FILE READER MISSED DEADLINE! -5627
13 58.28 24859 101799048
13 59.29 26295 107680904
13 60.29 27350 112000237
[*] FILE READER MISSED DEADLINE! -1582
13 61.30 27989 114617581
13 62.30 28346 116079853
13 63.34 28706 117554413
13 64.35 28989 118713581
13 65.45 29297 119975149
13 66.50 29580 121134317
13 67.54 29911 122490093
13 68.59 30266 123944173
[*] FILE READER MISSED DEADLINE! -7584
13 69.59 30572 125195602
13 70.64 30809 126166354
13 71.65 31469 128869714
13 72.65 32430 132805970
13 73.69 33027 135251282
13 74.73 33462 137031095
[*] FILE READER MISSED DEADLINE! -4694
13 75.78 33853 138632631
13 76.82 34219 140131767
13 77.84 34846 142699959
13 78.88 35403 144981431
13 79.92 35697 146185655
13 80.94 36316 148721079
[*] FILE READER MISSED DEADLINE! -5377
13 81.95 37343 152925724
13 82.96 38047 155809308
13 83.97 38398 157247004
13 85.06 38761 158733852
13 86.07 39001 159716892
13 87.13 39338 161097244
[*] FILE READER MISSED DEADLINE! -5485
13 88.15 39683 162508417
13 89.20 39992 163774081
13 90.20 40288 164986497
13 91.22 40974 167796353
13 92.22 41507 169979521
13 93.22 41927 171699841
13 94.23 42323 173321857
[*] FILE READER MISSED DEADLINE! -5935
13 95.24 42919 175761126
13 96.27 43338 177477350
13 97.27 44196 180991718
13 98.30 45263 185362150
[*] FILE READER MISSED DEADLINE! -3274
13 99.30 45834 187699019
13 100.30 46302 189615947
13 101.36 46617 190906187
13 102.38 46901 192069451
13 103.45 47211 193339211
13 104.51 47635 195075915
13 105.54 47924 196259659
13 106.58 48362 198053707
[*] FILE READER MISSED DEADLINE! -7127
13 107.60 48937 200406960
13 108.68 49302 201902000
13 109.71 49568 202991536
13 110.77 49860 204187568
13 111.77 50536 206956464
13 112.82 51046 209045424
13 113.85 51398 210487216
[*] FILE READER MISSED DEADLINE! -6411
13 114.86 52023 213045269
13 115.92 52700 215818261
13 116.95 53099 217452565
13 118.05 53435 218828821
13 119.14 53718 219987989
13 120.16 53980 221061141
13 121.20 54213 222015509
13 122.22 54812 224467066
[*] FILE READER MISSED DEADLINE! -6533
13 123.24 55402 226883706
13 124.32 55815 228575354
13 125.40 56110 229783674
13 126.46 56353 230779002
13 127.52 56589 231745658
13 128.53 56852 232822906
13 129.58 57112 233887866
13 130.64 57345 234842234
13 131.65 57609 235923578
[*] FILE READER MISSED DEADLINE! -8977
13 132.69 57950 237318367
13 133.75 58345 238936287
13 134.79 58760 240636127
13 135.80 59771 244777183
13 136.84 60454 247574751
[*] FILE READER MISSED DEADLINE! -4293
13 137.85 61022 249899332
13 138.90 61410 251488580
13 139.91 61903 253507908
13 140.94 62695 256751940
13 141.97 63109 258447684
13 142.98 63351 259438916
13 144.01 63917 261755305
[*] FILE READER MISSED DEADLINE! -5516
13 145.02 64979 266105257
13 146.07 65601 268652969
13 147.13 65963 270135721
13 148.15 66278 271425961
13 149.20 66592 272712105
13 150.22 66827 273674665
[*] FILE READER MISSED DEADLINE! -5411
13 151.38 67034 274520590
13 152.46 67215 275261966
13 153.47 67422 276109838
13 154.51 67712 277297678
13 155.51 68461 280365582
13 156.53 69080 282901006
13 157.57 69527 284731918
13 158.62 69975 286564979
[*] FILE READER MISSED DEADLINE! -7051
13 159.63 70473 288604787
13 160.66 71105 291193459
13 161.73 71603 293233267
13 162.74 72140 295432819
13 163.80 72630 297439859
[*] FILE READER MISSED DEADLINE! -5202
13 164.88 72991 298916568
13 165.94 73360 300427992
13 166.99 73850 302435032
13 168.01 74539 305257176
13 169.04 75215 308026072
13 170.06 75681 309934808
[*] FILE READER MISSED DEADLINE! -5137
13 171.09 76022 311329597
13 172.13 76279 312382269
13 173.16 76564 313549629
13 174.23 76932 315056957
13 175.28 77295 316543805
13 176.29 78116 319906621
13 177.31 78753 322515773
[*] FILE READER MISSED DEADLINE! -6084
13 178.35 79177 324250530
13 179.45 79493 325544866
13 180.56 79675 326290338
13 181.59 80185 328379298
13 182.59 80724 330587042
13 183.68 81078 332037026
13 184.72 81650 334379938
[*] FILE READER MISSED DEADLINE! -6385
13 185.76 82265 336897031
13 186.79 82653 338486279
13 187.81 83237 340878343
13 188.85 83967 343868423
13 189.86 84977 348005383
[*] FILE READER MISSED DEADLINE! -3602
13 190.87 85995 352173164
13 191.91 86965 356146284
13 192.91 87589 358702188
13 194.00 87926 360082540
[*] FILE READER MISSED DEADLINE! -3660
13 195.02 88307 361641169
13 196.09 88719 363328721
13 197.22 89055 364704977
13 198.24 89368 365987025
13 199.26 89970 368452817
13 200.26 90493 370595025
13 201.27 90871 372143313
13 202.31 91203 373501238
[*] FILE READER MISSED DEADLINE! -6443
13 203.33 91515 374779190
13 204.34 91831 376073526
13 205.35 92147 377367862
13 206.41 92588 379174198
13 207.43 93594 383294774
[*] FILE READER MISSED DEADLINE! -4962
13 208.44 94489 386958747
13 209.46 95121 389547419
13 210.47 95550 391304603
13 211.47 95940 392902043
13 212.49 97422 398970368
[*] FILE READER MISSED DEADLINE! -3279
13 213.52 98651 404004352
13 214.52 99475 407379456
13 215.56 100015 409591296
[*] FILE READER MISSED DEADLINE! -2671
13 216.62 100376 411068005
13 217.65 100625 412087909
13 218.65 101413 415315557
13 219.67 103027 421926501
[*] FILE READER MISSED DEADLINE! -2883
13 220.70 103666 424541898
13 221.76 104111 426364618
13 222.78 105118 430489290
13 223.86 105749 433073866
13 224.89 106175 434818762
[*] FILE READER MISSED DEADLINE! -4272
13 226.00 106519 436225839
13 227.05 107072 438490927
13 228.08 107826 441579311
13 229.11 108743 445335343
13 230.17 109158 447035183
[*] FILE READER MISSED DEADLINE! -4459
13 231.27 109506 448458644
13 232.28 109762 449507220
13 233.31 110106 450916244
13 234.34 110414 452177812
13 235.39 110688 453300116
13 236.43 110962 454422420
13 237.46 111375 456114068
13 238.57 111717 457514900
13 239.61 112060 458919828
13 240.74 112459 460552185
[*] FILE READER MISSED DEADLINE! -8659
13 241.83 112774 461842425
13 242.87 113433 464541689
13 243.93 113939 466614265
13 244.95 114283 468023289
13 246.02 114696 469714937
13 247.12 115043 471136249
13 248.24 115319 472266745
[*] FILE READER MISSED DEADLINE! -7194
13 249.27 115832 474366046
13 250.29 117509 481235038
[*] FILE READER MISSED DEADLINE! -1262
13 251.32 118944 487110851
13 252.32 119938 491182275
13 253.32 120680 494221507
13 254.38 121252 496564419
[*] FILE READER MISSED DEADLINE! -2995
13 255.45 121673 498286888
13 256.57 121982 499552552
13 257.57 122804 502919464
13 258.62 123627 506290472
13 259.71 124079 508141864
13 260.73 124424 509554984
[*] FILE READER MISSED DEADLINE! -5009
13 261.75 124772 510978445
13 262.83 125153 512539021
13 263.89 125698 514771341
13 264.91 127058 520341901
[*] FILE READER MISSED DEADLINE! -3211
13 265.91 128582 526582258
13 266.92 130154 533021170
[*] FILE READER MISSED DEADLINE! -964
13 267.95 131256 537533015
13 268.98 131961 540420695
13 270.04 132588 542988887
13 271.10 132997 544664151
13 272.15 133380 546232919
13 273.25 133656 547363415
[*] FILE READER MISSED DEADLINE! -4953
13 274.28 133868 548229820
13 275.31 134441 550576828
13 276.31 135327 554205884
13 277.38 136019 557040316
13 278.42 136397 558588604
13 279.49 136741 559995681
[*] FILE READER MISSED DEADLINE! -5117
13 280.49 137157 561699617
13 281.51 137501 563108641
13 282.57 137744 564103969
13 283.62 137951 564951841
13 284.70 138160 565807905
13 285.71 139170 569944865
[*] FILE READER MISSED DEADLINE! -5635
13 286.75 140615 575861638
13 287.83 141317 578737030
13 288.90 141705 580326278
13 290.00 142124 582042502
13 291.11 142400 583172998
13 292.18 142674 584295302
[*] FILE READER MISSED DEADLINE! -5434
13 293.22 142986 585571307
13 294.26 143335 587000811
13 295.28 143583 588016619
13 296.33 143823 588999659
13 297.38 144141 590302187
13 298.42 144416 591428587
13 299.48 144733 592727019
13 300.49 145295 595028971
13 301.54 145854 597316688
[*] FILE READER MISSED DEADLINE! -7908
13 302.58 146356 599372880
13 303.66 146818 601265232
13 304.71 147200 602829904
13 305.76 147780 605205584
13 306.83 148188 606876752
13 307.94 148501 608158800
13 308.98 148743 609150032
[*] FILE READER MISSED DEADLINE! -6911
13 309.99 149375 611736757
13 311.00 150409 615972021
13 312.01 151142 618974389
13 313.04 151600 620850357
13 314.13 151953 622294298
[*] FILE READER MISSED DEADLINE! -3461
13 315.13 152330 623838490
13 316.16 155193 635563391
[*] FILE READER MISSED DEADLINE! -1140
13 317.21 158297 648275428
13 318.25 159995 655230436
13 319.37 160988 659297764
[*] FILE READER MISSED DEADLINE! -1259
13 320.48 161482 661319241
13 321.53 161812 662670921
13 322.81 162139 664010313
13 323.90 162553 665706057
13 325.07 163125 668048969
13 326.20 163536 669732425
13 327.27 163870 671100489
[*] FILE READER MISSED DEADLINE! -7117
13 328.36 164696 674481838
13 329.51 165287 676902574
13 330.53 165699 678590126
13 331.70 166026 679929518
13 332.85 166270 680928942
13 334.03 166514 681928366
13 335.17 166929 683628206
[*] FILE READER MISSED DEADLINE! -6861
13 336.27 167340 685309715
13 337.48 167750 686989075
13 338.54 168696 690863891
13 339.62 169549 694357779
13 340.71 169962 696049427
[*] FILE READER MISSED DEADLINE! -4743
13 341.71 170288 697382776
13 342.83 170533 698386296
13 343.96 170784 699414392
13 344.97 171114 700766072
13 346.02 171444 702117752
13 347.04 172576 706754424
[*] FILE READER MISSED DEADLINE! -5252
13 348.05 173533 710672349
13 349.09 174140 713158621
13 350.16 174577 714948573
13 351.20 175159 717332445
13 352.34 175925 720469981
[*] FILE READER MISSED DEADLINE! -4288
13 353.43 176519 722901058
13 354.54 177017 724940866
13 355.75 177348 726296642
13 357.04 177675 727636034
13 358.19 178373 730495042
13 359.25 178787 732190786
13 360.41 179203 733894722
[*] FILE READER MISSED DEADLINE! -6609
13 361.45 179615 735580327
13 362.50 180195 737956007
13 363.54 181564 743563431
13 364.70 182308 746608908
[*] FILE READER MISSED DEADLINE! -3068
13 365.73 182888 748984588
13 366.79 183298 750663948
13 367.98 183787 752666892
13 369.08 184117 754018572
13 370.13 184443 755353868
13 371.41 184855 757041420
13 372.67 185181 758376716
[*] FILE READER MISSED DEADLINE! -7452
13 373.78 185427 759382385
13 375.08 185675 760398193
13 376.35 185929 761438577
13 377.38 187406 767488369
[*] FILE READER MISSED DEADLINE! -3910
13 378.46 188926 773712342
13 379.52 189942 777873878
13 380.56 190798 781380054
13 381.59 191402 783852091
[*] FILE READER MISSED DEADLINE! -2471
13 382.63 191977 786207291
13 383.63 192387 787886651
13 384.83 192888 789938747
13 385.85 193215 791278139
[*] FILE READER MISSED DEADLINE! -4102
13 386.86 195261 799656608
13 387.90 197342 808180384
[*] FILE READER MISSED DEADLINE! -365
13 388.98 198600 813331205
13 390.00 199553 817234693
13 391.03 200492 821080837
[*] FILE READER MISSED DEADLINE! -2035
13 392.04 201340 824552298
13 393.13 202172 827960170
13 394.23 203028 831466346
[*] FILE READER MISSED DEADLINE! -2954
13 395.33 203687 834163663
13 396.50 204179 836178895
13 397.55 205277 840676303
13 398.62 206482 845611983
[*] FILE READER MISSED DEADLINE! -2678
13 399.71 207149 848342068
13 400.81 207649 850390068
13 401.83 208245 852831284
13 402.87 209528 858086452
[*] FILE READER MISSED DEADLINE! -3195
13 403.92 210631 862602393
13 404.98 211503 866174105
13 406.09 212348 869635225
[*] FILE READER MISSED DEADLINE! -2437
13 407.21 213115 872774910
13 408.32 213877 875896062
13 409.36 214381 877960446
13 410.43 214790 879635710
13 411.49 215200 881315070
13 412.73 215617 883023102
[*] FILE READER MISSED DEADLINE! -5287
13 413.76 216286 885761379
13 414.78 217483 890664291
13 415.79 218608 895272291
[*] FILE READER MISSED DEADLINE! -2104
13 416.81 219543 899100104
13 417.87 220388 902561224
13 418.96 221167 905752008
13 419.97 221839 908502573
[*] FILE READER MISSED DEADLINE! -2943
13 420.99 222413 910853677
13 422.08 222906 912873005
13 423.16 223563 915564077
13 424.24 224078 917673517
13 425.29 224682 920147501
[*] FILE READER MISSED DEADLINE! -4527
13 426.30 225442 923258514
13 427.37 226023 925638290
13 428.46 226873 929119890
13 429.62 227644 932277906
[*] FILE READER MISSED DEADLINE! -3572
13 430.64 228057 933967607
13 431.72 228558 936019703
13 432.74 229594 940263159
13 433.83 230256 942974711
13 434.94 230678 944703223
[*] FILE READER MISSED DEADLINE! -4377
13 436.07 231088 946380636
13 437.14 231417 947728220
13 438.45 231663 948735836
13 439.49 231907 949735260
13 440.53 233290 955400028
[*] FILE READER MISSED DEADLINE! -4609
13 441.62 234476 960255937
13 442.68 235235 963364801
13 443.86 235908 966121409
13 444.90 236406 968161217
13 445.95 236895 970164161
[*] FILE READER MISSED DEADLINE! -3887
13 447.04 237388 972181542
13 448.06 237797 973856806
13 449.15 238293 975888422
13 450.31 238788 977915942
13 451.47 239118 979267622
13 452.55 239363 980271142
13 453.92 239688 981602342
[*] FILE READER MISSED DEADLINE! -7676
13 454.96 240358 984344715
13 455.98 241744 990021771
13 457.04 242526 993224843
13 458.04 243474 997105904
[*] FILE READER MISSED DEADLINE! -2129
13 459.07 245412 1005043952
[*] FILE READER MISSED DEADLINE! -629
13 460.13 246682 1010243925
13 461.20 247451 1013393749
13 462.30 248126 1016158549
13 463.39 248623 1018194261
13 464.56 249041 1019906389
[*] FILE READER MISSED DEADLINE! -4061
13 465.66 249374 1021268410
13 466.81 249784 1022947770
13 467.85 250638 1026445754
[*] FILE READER MISSED DEADLINE! -2863
13 468.86 252681 1034811935
13 469.95 253447 1037949471
13 471.24 253944 1039985183
13 472.24 254354 1041664543
[*] FILE READER MISSED DEADLINE! -3345
13 473.32 255801 1047589508
13 474.37 256567 1050727044
13 475.40 257154 1053131396
13 476.44 257815 1055838852
13 477.48 258410 1058274025
[*] FILE READER MISSED DEADLINE! -3343
13 478.56 259636 1063295721
13 479.64 260303 1066027753
13 480.67 260967 1068747497
[*] FILE READER MISSED DEADLINE! -2828
13 481.68 261551 1071137614
13 482.70 262131 1073513294
13 483.75 262721 1075929934
13 484.76 263473 1079010126
[*] FILE READER MISSED DEADLINE! -3262
13 485.77 264733 1084169139
13 486.85 265807 1088568243
13 487.89 266718 1092299699
13 488.90 267383 1095021592
[*] FILE READER MISSED DEADLINE! -2388
13 489.94 267961 1097389080
13 490.96 268629 1100125208
[*] FILE READER MISSED DEADLINE! -1546
13 491.96 273532 1120204002
13 492.96 277488 1136405831
13 494.01 280756 1149789612
13 495.09 282864 1158422033
13 496.14 284160 1163730449
2 499.01 5 881
[*] Statistic for 18: reader (UncompressedFileReader)
[*] Processed 100 of 100 (100%) images
[*]  - Total time      : 496983 ms.
[*]  - Processing time : 28779 ms.
[*]  - Idle time       : 468204 ms. (94%)
[*]  - Avg. proc. time : 287 ms/image.
[*]
[*]  - Data in         : 1.16 GB
[*]  - Data out        : 1.16 GB
[*]
[*] - Avg. size in    : 11.87 MB/image.
[*] - Avg. size out   : 11.87 MB/image.
[*]  - Overall rate in : 20.03 MBit/sec.
[*]  - Overall rate out: 20.03 MBit/sec.
[*]  - Proc. rate in   : 345.85 MBit/sec.
[*]  - Proc. rate out  : 345.85 MBit/sec.
[*]  - Done : true
[*] Queue: reader[18]->color[18]
[*]   len: 5
[*]   put: 100
[*] block: 92
[*]  time: 460166
[*]   get: 95
[*] block: 1
[*]  time: 380
[*] reader is done ?
13 497.18 285815 1170507382
13 498.19 288229 1180395126
13 499.21 289788 1186778843
13 500.21 292612 1198344000
13 501.24 297904 1220016138
13 502.25 302437 1238581359
[*] Ibis WRITER took 502393 send 502011 get 381 bytes 1244170152 2.3635600000829866 2.3617628414441687
2 504.38 6 898
