[*] Waiting for work
[*] Got message from (Ibis 0, location fs0.das3.cs.vu.nl) data demo.grid.ListingRequest@785f8172
[*] Executing listing request: FileSetDescription: /local/jason/generated2 / hd48-%4.raw true
2 1.29 4 718
[*] Got registered message 17 reader [in: none] [out: put.0.17]
[*] Got component reader
[*] Need to create put queue put.0.17
[*]   type image.UncompressedImage
[*]   length 5
[*]   connected to [get.1.17]
[*] Created queue reader[17]->color[17] max length 5
[*] Create component reader
[*]  - Type     : processors.UncompressedFileReader
[*]  - In type  : none
[*]  - In name  : none
[*]  - In ok    : true
[*]  - Out type : image.UncompressedImage
[*]  - Out name : reader[17]->color[17]
[*] - Out ok   : true
[*]  - Options  : {input=fileset://inputset, fps=31, repeat=0}
[*] SET TOTAL TO 100
[*] Started component reader
[*] Got message from (Ibis 0, location fs0.das3.cs.vu.nl) data true
[*] FILE READER TARGET GAP 1032
[*] Allocating buffer!
13 1.01 414 1687852
13 2.02 907 3707180
13 3.04 1280 5234988
13 4.07 1617 6615340
13 5.10 1869 7647532
13 6.11 2113 8646956
13 7.16 2353 9629996
13 8.18 2615 10703148
13 9.18 2866 11731244
[*] FILE READER MISSED DEADLINE! -2296
13 10.21 3880 15882693
13 11.27 4697 19229125
13 12.30 5078 20789701
13 13.38 5426 22215109
13 14.41 5771 23628229
13 15.44 6045 24750533
[*] FILE READER MISSED DEADLINE! -4742
13 16.50 6369 26075690
13 17.59 6757 27664938
13 18.62 7139 29229610
13 19.69 7459 30540330
13 20.71 8375 34292266
[*] FILE READER MISSED DEADLINE! -4984
13 21.78 9284 38013583
13 22.87 9726 39824015
13 23.87 10643 43580047
13 24.89 11839 48478863
[*] FILE READER MISSED DEADLINE! -2943
13 25.89 12338 50520820
13 26.93 12757 52237044
13 27.98 13892 56886004
13 29.08 14420 59048692
13 30.12 14838 60760820
[*] FILE READER MISSED DEADLINE! -4177
13 31.14 15675 64187225
13 32.15 16666 68246361
13 33.20 17364 71105369
13 34.24 17868 73169753
13 35.27 18330 75060158
[*] FILE READER MISSED DEADLINE! -3382
13 36.29 19166 78484414
13 37.31 20410 83579838
13 38.38 21146 86594494
[*] FILE READER MISSED DEADLINE! -2527
13 39.39 21559 88284195
13 40.39 22253 91126819
13 41.43 22952 93989923
13 42.45 23437 95976483
13 43.49 23890 97831971
13 44.51 24376 99820680
[*] FILE READER MISSED DEADLINE! -4715
13 45.55 24836 101704840
13 46.63 25282 103531656
13 47.64 25736 105391240
13 48.68 26678 109249672
13 49.79 27224 111486088
[*] FILE READER MISSED DEADLINE! -4644
13 50.82 27797 113831149
13 51.84 28287 115838189
13 52.91 28631 117247213
13 53.98 28943 118525165
13 54.98 29251 119786733
13 56.03 29603 121228525
13 57.04 29943 122621165
13 58.06 30318 124157165
[*] FILE READER MISSED DEADLINE! -7125
13 59.11 30631 125437266
13 60.18 30951 126747986
13 61.20 31673 129705298
13 62.21 33088 135501138
[*] FILE READER MISSED DEADLINE! -3327
13 63.25 34048 139431351
13 64.27 34704 142118327
13 65.32 35164 144002487
13 66.41 35624 145886647
13 67.41 36542 149644828
[*] FILE READER MISSED DEADLINE! -3709
13 68.45 37068 151799324
13 69.48 37514 153626140
13 70.52 37962 155461148
13 71.57 38421 157341212
13 72.60 38775 158791196
13 73.68 39318 161015324
[*] FILE READER MISSED DEADLINE! -5701
13 74.75 39852 163200641
13 75.77 40194 164601473
13 76.80 40692 166641281
13 77.84 41427 169651841
13 78.90 42006 172023425
13 79.98 42427 173747841
[*] FILE READER MISSED DEADLINE! -5291
13 81.06 42736 175011558
13 82.08 43814 179427046
13 83.13 44685 182994662
13 84.18 45294 185489126
[*] FILE READER MISSED DEADLINE! -3227
13 85.19 45852 187772747
13 86.22 46232 189329227
13 87.31 46630 190959435
13 88.32 47726 195448651
13 89.36 48272 197685067
[*] FILE READER MISSED DEADLINE! -4527
13 90.41 48690 199395248
13 91.47 49031 200791984
13 92.47 49344 202074032
13 93.50 49978 204670896
13 94.63 50402 206407600
13 95.64 50647 207411120
13 96.65 51612 211363760
[*] FILE READER MISSED DEADLINE! -5509
13 97.68 52745 216002581
13 98.74 53530 219217941
13 99.80 53888 220684309
13 100.86 54329 222490645
13 101.88 54684 223944725
[*] FILE READER MISSED DEADLINE! -4193
13 102.94 55099 225642618
13 104.00 55549 227485818
13 105.02 55862 228767866
13 106.13 56137 229894266
13 107.22 56518 231454842
13 108.29 56859 232851578
13 109.38 57168 234117242
13 110.44 57441 235235450
[*] FILE READER MISSED DEADLINE! -7982
13 111.46 58438 239317215
13 112.50 59580 243994847
13 113.52 60313 246997215
[*] FILE READER MISSED DEADLINE! -2270
13 114.58 61004 249825604
13 115.58 61512 251906372
13 116.58 62079 254228804
13 117.59 64064 262357417
[*] FILE READER MISSED DEADLINE! -2193
13 118.62 65791 269431209
13 119.63 67062 274635278
[*] FILE READER MISSED DEADLINE! -946
13 120.64 67845 277842446
13 121.68 68439 280275470
13 122.78 68845 281938446
13 123.81 69393 284183054
[*] FILE READER MISSED DEADLINE! -4077
13 124.83 70088 287027827
13 125.85 70424 288404083
13 126.88 70825 290046579
13 127.92 71239 291742323
13 129.11 71598 293212787
13 130.15 71868 294318707
13 131.29 72139 295428723
13 132.38 72457 296731251
13 133.46 72913 298599027
[*] FILE READER MISSED DEADLINE! -7948
13 134.51 73370 300468952
13 135.52 73905 302660312
13 136.53 74329 304397016
13 137.62 74734 306055896
13 138.71 75048 307342040
13 139.77 75907 310860504
[*] FILE READER MISSED DEADLINE! -5267
13 140.82 76422 312967997
13 141.83 77524 317481789
13 142.87 78830 322831165
[*] FILE READER MISSED DEADLINE! -2227
13 143.88 79792 326769570
13 144.95 80348 329046946
13 146.00 80761 330738594
13 147.04 81376 333257634
[*] FILE READER MISSED DEADLINE! -3699
13 148.12 82243 336806919
13 149.17 82690 338637831
13 150.22 83276 341038087
13 151.27 83729 342893575
13 152.30 84085 344351751
13 153.38 84354 345453575
13 154.44 84622 346551303
13 155.51 85077 348413036
[*] FILE READER MISSED DEADLINE! -6643
13 156.52 85676 350866540
13 157.58 86044 352373868
13 158.67 86655 354876524
13 159.73 87032 356420716
13 160.82 87391 357891180
13 161.84 88174 361096401
[*] FILE READER MISSED DEADLINE! -5252
13 162.85 88729 363369681
13 163.90 89090 364848337
13 164.98 89583 366867665
13 165.98 90034 368714961
13 167.11 90438 370369745
13 168.27 90798 371844305
13 169.31 91024 372770001
[*] FILE READER MISSED DEADLINE! -6872
13 170.42 91443 374484278
13 171.47 91805 375967030
13 172.51 92170 377462070
13 173.52 92531 378940726
13 174.62 92900 380452150
13 175.66 93497 382897462
13 176.74 94201 385779099
[*] FILE READER MISSED DEADLINE! -6035
13 177.78 94702 387831195
13 178.80 95156 389690779
13 179.85 95476 391001499
13 180.99 95702 391927195
13 182.00 95926 392844699
13 183.09 96426 394892699
13 184.13 96746 396203419
[*] FILE READER MISSED DEADLINE! -6792
13 185.16 98260 402402816
13 186.19 99198 406244864
13 187.26 99742 408473088
13 188.32 100291 410719845
[*] FILE READER MISSED DEADLINE! -2710
13 189.34 100698 412386917
13 190.38 101200 414443109
13 191.48 101830 417023589
13 192.49 102198 418530917
13 193.53 102752 420800101
13 194.56 103167 422499941
[*] FILE READER MISSED DEADLINE! -5543
13 195.59 103622 424361674
13 196.63 103948 425696970
13 197.69 104361 427388618
13 198.75 104809 429223626
13 199.81 105213 430878410
13 200.86 105669 432746186
13 202.02 106077 434417354
13 203.12 106346 435517231
[*] FILE READER MISSED DEADLINE! -7091
13 204.15 106623 436651823
13 205.22 107029 438314799
13 206.23 107345 439609135
13 207.31 107796 441456431
13 208.41 108208 443143983
13 209.45 108524 444438319
13 210.47 109123 446891823
[*] FILE READER MISSED DEADLINE! -6659
13 211.49 110495 452509588
13 212.54 111582 456961940
13 213.60 112206 459517844
[*] FILE READER MISSED DEADLINE! -2376
13 214.64 112669 461412345
13 215.66 112990 462727161
13 216.66 113775 465942521
13 217.75 114327 468203513
13 218.80 114940 470714361
13 219.85 115505 473026654
[*] FILE READER MISSED DEADLINE! -4602
13 220.87 115912 474693726
13 221.91 117658 481845342
13 222.94 118581 485624003
[*] FILE READER MISSED DEADLINE! -2128
13 223.94 119260 488405187
13 225.05 119888 490977475
13 226.14 120343 492841155
13 227.23 120711 494348483
13 228.28 121484 497514691
[*] FILE READER MISSED DEADLINE! -4449
13 229.32 122136 500183336
13 230.36 122730 502616360
13 231.40 122959 503554344
13 232.57 123322 505041192
13 233.71 123593 506151208
13 234.73 124186 508580136
[*] FILE READER MISSED DEADLINE! -5984
13 235.75 124744 510863757
13 236.79 125349 513341837
13 237.86 125984 515942797
13 238.88 126349 517437837
13 239.93 126663 518723981
13 240.97 126930 519817613
13 241.98 127206 520948109
13 243.09 127431 521869709
[*] FILE READER MISSED DEADLINE! -7101
13 244.13 127884 523723250
13 245.14 128574 526549490
13 246.14 130071 532681202
[*] FILE READER MISSED DEADLINE! -2177
13 247.20 130984 536418903
13 248.21 131485 538470999
13 249.30 131933 540306007
13 250.36 132248 541596247
13 251.45 132565 542894679
13 252.50 132926 544373335
13 253.59 133239 545655383
13 254.59 133698 547533500
[*] FILE READER MISSED DEADLINE! -6884
13 255.76 134010 548811452
13 256.91 134280 549917372
13 258.01 134508 550851260
13 259.14 134730 551760572
13 260.23 134956 552686268
13 261.37 135226 553792188
13 262.58 135500 554914492
13 263.67 135730 555856572
13 264.69 135956 556782268
13 265.77 136332 558322364
[*] FILE READER MISSED DEADLINE! -10798
13 266.78 137569 563387169
13 267.79 138823 568523553
13 268.83 139630 571829025
[*] FILE READER MISSED DEADLINE! -1550
13 269.84 140235 574305158
13 270.84 140690 576168838
13 271.87 141138 578003846
13 272.90 141984 581469062
13 273.93 142727 584512390
[*] FILE READER MISSED DEADLINE! -4035
13 274.95 143315 586918891
13 275.95 143911 589360107
13 276.99 144369 591236075
13 278.04 144690 592550891
13 279.06 145276 594951147
[*] FILE READER MISSED DEADLINE! -4326
13 280.07 146809 601228368
13 281.10 147749 605078608
13 282.13 148563 608412752
[*] FILE READER MISSED DEADLINE! -2195
13 283.15 149225 611122357
13 284.17 151104 618818741
[*] FILE READER MISSED DEADLINE! -1045
13 285.18 152658 625181978
13 286.22 153757 629683482
13 287.28 154356 632136986
13 288.30 154997 634760575
[*] FILE READER MISSED DEADLINE! -2466
13 289.32 155559 637062527
13 290.34 156025 638971263
13 291.46 156389 640462207
13 292.53 156704 641752447
13 293.58 158138 647624164
[*] FILE READER MISSED DEADLINE! -4219
13 294.61 159058 651392484
13 295.69 159574 653506020
13 296.80 160029 655369700
13 297.82 160350 656684516
[*] FILE READER MISSED DEADLINE! -3986
13 298.83 161470 661270089
13 299.86 162383 665009737
13 300.89 162889 667082313
13 302.00 163303 668778057
13 303.03 163659 670236233
13 304.11 163973 671522377
[*] FILE READER MISSED DEADLINE! -4776
13 305.17 164287 672806574
13 306.25 164567 673953454
13 307.26 164845 675092142
13 308.33 165448 677562030
13 309.38 166054 680044206
13 310.46 166457 681694894
13 311.53 167226 684842771
[*] FILE READER MISSED DEADLINE! -6058
13 312.57 167787 687140627
13 313.66 168258 689069843
13 314.69 168581 690392851
13 315.69 169442 693919507
13 316.79 169807 695414547
13 317.94 170128 696729363
[*] FILE READER MISSED DEADLINE! -5591
13 319.08 170536 698398584
13 320.16 170908 699922296
13 321.25 171270 701405048
13 322.29 171584 702691192
13 323.39 171808 703608696
13 324.53 172032 704526200
13 325.55 172597 706840440
[*] FILE READER MISSED DEADLINE! -6984
13 326.57 174107 713023453
13 327.58 175383 718249949
13 328.62 176158 721424349
[*] FILE READER MISSED DEADLINE! -1693
13 329.63 176997 724858946
13 330.69 177889 728512578
13 331.72 178433 730740802
13 332.75 178835 732387394
[*] FILE READER MISSED DEADLINE! -3485
13 333.81 179837 736489639
13 334.83 180708 740057255
13 335.88 181409 742928551
13 336.96 182008 745382055
[*] FILE READER MISSED DEADLINE! -3295
13 338.00 182468 747264268
13 339.01 183226 750369036
13 340.09 183853 752937228
13 341.15 184312 754817292
13 342.16 184978 757545228
[*] FILE READER MISSED DEADLINE! -3885
13 343.20 186113 762192241
13 344.23 187035 765968753
13 345.33 187631 768409969
13 346.38 188082 770257265
[*] FILE READER MISSED DEADLINE! -3510
13 347.39 188460 771803606
13 348.42 189235 774978006
13 349.45 190107 778549718
13 350.49 190650 780773846
13 351.54 191012 782256598
13 352.56 191430 783966779
[*] FILE READER MISSED DEADLINE! -4458
13 353.57 191797 785470011
13 354.75 192172 787006011
13 355.76 192550 788554299
13 356.83 193093 790778427
13 357.88 193542 792617531
13 358.92 194043 794669627
[*] FILE READER MISSED DEADLINE! -5760
13 359.95 195193 799378080
13 360.96 196162 803347104
13 362.02 196924 806468256
13 363.04 197386 808360608
[*] FILE READER MISSED DEADLINE! -2902
13 364.14 197796 810038021
13 365.26 198202 811700997
13 366.30 198515 812983045
13 367.33 198783 814080773
13 368.42 199094 815354629
13 369.42 199498 817009413
13 370.45 199946 818844421
13 371.52 200445 820888325
[*] FILE READER MISSED DEADLINE! -7365
13 372.52 201273 824277866
13 373.58 202134 827804522
13 374.65 202741 830290794
13 375.75 203297 832568170
[*] FILE READER MISSED DEADLINE! -3666
13 376.76 203778 834536399
13 377.86 204281 836596687
13 378.92 204741 838480847
13 379.94 205235 840504271
13 380.96 205895 843207631
13 382.02 206546 845874127
[*] FILE READER MISSED DEADLINE! -4729
13 383.09 207009 847768628
13 384.11 207416 849435700
13 385.18 207827 851119156
13 386.19 208195 852626484
13 387.23 208514 853933108
13 388.34 208838 855260212
13 389.38 209439 857721908
[*] FILE READER MISSED DEADLINE! -6490
13 390.41 210342 861418649
13 391.43 211506 866186393
[*] FILE READER MISSED DEADLINE! -1537
13 392.46 213106 872738046
13 393.47 214245 877403390
13 394.51 214896 880069886
13 395.53 215398 882126078
[*] FILE READER MISSED DEADLINE! -2919
13 396.61 215946 884368739
13 397.63 217126 889202019
13 398.63 218226 893707619
[*] FILE READER MISSED DEADLINE! -1969
13 399.63 219418 898588104
13 400.67 220614 903486920
13 401.74 221510 907156936
[*] FILE READER MISSED DEADLINE! -2036
13 402.79 222068 909440557
13 403.82 222522 911300141
13 404.85 222977 913163821
13 405.88 224068 917632557
13 406.90 224943 921214610
[*] FILE READER MISSED DEADLINE! -3568
13 407.96 225634 924044946
13 409.01 226317 926842514
13 410.06 226829 928939666
13 411.11 227284 930803346
[*] FILE READER MISSED DEADLINE! -3967
13 412.11 228406 935397111
13 413.13 229829 941225719
13 414.14 231356 947478364
[*] FILE READER MISSED DEADLINE! -1137
13 415.15 233219 955109212
[*] FILE READER MISSED DEADLINE! -618
13 416.19 234901 961996737
13 417.21 236176 967219137
[*] FILE READER MISSED DEADLINE! -1304
13 418.25 237396 972214310
13 419.29 238485 976674854
13 420.32 239403 980434982
13 421.38 240176 983599243
[*] FILE READER MISSED DEADLINE! -2253
13 422.45 240886 986507403
13 423.51 241484 988956811
13 424.58 242128 991594635
13 425.61 242685 993876107
[*] FILE READER MISSED DEADLINE! -4201
13 426.70 243168 995852528
13 427.76 243623 997716208
13 428.76 243986 999203056
13 429.76 246110 1007901013
[*] FILE READER MISSED DEADLINE! -2351
13 430.77 248488 1017641301
[*] FILE READER MISSED DEADLINE! -454
13 431.78 249911 1023467962
13 432.85 250801 1027113402
13 433.86 251431 1029693882
13 434.89 251945 1031799226
[*] FILE READER MISSED DEADLINE! -2943
13 435.96 252458 1033898527
13 436.99 252796 1035282975
13 438.00 253533 1038301727
13 439.03 254462 1042106911
[*] FILE READER MISSED DEADLINE! -3562
13 440.08 255366 1045807748
13 441.15 256118 1048887940
13 442.26 256629 1050980996
13 443.42 257080 1052828292
13 444.52 257360 1053975172
[*] FILE READER MISSED DEADLINE! -4142
13 445.56 259218 1061583593
13 446.59 260541 1067002601
13 447.62 261453 1070736206
[*] FILE READER MISSED DEADLINE! -1370
13 448.65 262144 1073566542
13 449.65 263281 1078223694
13 450.70 264199 1081983822
[*] FILE READER MISSED DEADLINE! -2385
13 451.71 264770 1084320691
13 452.73 266340 1090751411
[*] FILE READER MISSED DEADLINE! -1311
13 453.74 268236 1098515480
13 454.81 269316 1102939160
13 455.83 270202 1106568216
[*] FILE READER MISSED DEADLINE! -2069
13 456.91 270908 1109458045
13 457.94 271719 1112779901
13 458.99 272602 1116396669
13 460.02 273544 1120253154
[*] FILE READER MISSED DEADLINE! -2604
13 461.02 274281 1123271906
13 462.06 274911 1125852386
13 463.08 275359 1127687394
13 464.14 275862 1129747682
[*] FILE READER MISSED DEADLINE! -4001
13 465.18 276803 1133600071
13 466.22 277624 1136962887
13 467.26 278414 1140198727
13 468.32 279199 1143414087
[*] FILE READER MISSED DEADLINE! -2686
13 469.35 280092 1147069868
13 470.41 280779 1149883820
13 471.49 281388 1152378284
13 472.56 281793 1154037164
13 473.57 282668 1157619217
[*] FILE READER MISSED DEADLINE! -3816
13 474.57 284384 1164647953
2 477.17 5 881
13 475.61 286144 1171854966
[*] Statistic for 17: reader (UncompressedFileReader)
[*] Processed 100 of 100 (100%) images
[*]  - Total time      : 475142 ms.
[*]  - Processing time : 28738 ms.
[*]  - Idle time       : 446404 ms. (93%)
[*]  - Avg. proc. time : 287 ms/image.
[*]
[*]  - Data in         : 1.16 GB
[*]  - Data out        : 1.16 GB
[*]
[*] - Avg. size in    : 11.87 MB/image.
[*] - Avg. size out   : 11.87 MB/image.
[*]  - Overall rate in : 20.95 MBit/sec.
[*]  - Overall rate out: 20.95 MBit/sec.
[*]  - Proc. rate in   : 346.35 MBit/sec.
[*]  - Proc. rate out  : 346.35 MBit/sec.
[*]  - Done : true
[*] Queue: reader[17]->color[17]
[*]   len: 5
[*]   put: 100
[*] block: 94
[*]  time: 441939
[*]   get: 95
[*] block: 1
[*]  time: 407
[*] reader is done ?
13 476.66 287357 1176823414
13 477.68 288164 1180128886
13 478.77 288954 1183362779
13 479.83 289722 1186508507
13 480.84 290711 1190559451
13 481.88 291752 1194821440
13 482.90 293682 1202726720
13 483.91 295571 1210462117
13 484.95 297283 1217474469
13 486.02 298614 1222924298
13 487.05 299502 1226561546
13 488.06 300341 1229998090
13 489.08 301027 1232805999
13 490.08 302159 1237442671
[*] Ibis WRITER took 490718 send 490310 get 408 bytes 1244170152 2.4199651632674435 2.417953120125327
2 492.69 6 898
