[*] Waiting for work
[*] Got message from (Ibis 0, location fs0.das3.cs.vu.nl) data demo.grid.ListingRequest@785f8172
[*] Executing listing request: FileSetDescription: /local/jason/generated2 / hd48-%4.raw true
2 1.28 4 718
[*] Got registered message 24 reader [in: none] [out: put.0.24]
[*] Got component reader
[*] Need to create put queue put.0.24
[*]   type image.UncompressedImage
[*]   length 5
[*]   connected to [get.1.24]
[*] Created queue reader[24]->color[24] max length 5
[*] Got message from (Ibis 0, location fs0.das3.cs.vu.nl) data true
[*] Create component reader
[*]  - Type     : processors.UncompressedFileReader
[*]  - In type  : none
[*]  - In name  : none
[*]  - In ok    : true
[*]  - Out type : image.UncompressedImage
[*]  - Out name : reader[24]->color[24]
[*] - Out ok   : true
[*]  - Options  : {input=fileset://inputset, fps=31, repeat=0}
[*] SET TOTAL TO 100
[*] Started component reader
[*] FILE READER TARGET GAP 1032
[*] Allocating buffer!
14 1.02 202 819500
14 2.03 422 1720620
14 3.03 686 2801964
14 4.05 974 3981612
14 5.08 1639 6705452
14 6.08 2132 8724780
14 7.09 2546 10420524
14 8.10 3088 12638661
[*] FILE READER MISSED DEADLINE! -697
14 9.11 3480 14244293
14 10.12 4567 18696645
14 11.13 5447 22301125
[*] FILE READER MISSED DEADLINE! -2798
14 12.14 6316 25858602
14 13.19 6750 27636266
14 14.20 7031 28787242
14 15.30 7336 30036522
14 16.40 7631 31244842
14 17.41 8446 34583082
[*] FILE READER MISSED DEADLINE! -4924
14 18.41 10027 41056911
14 19.43 10767 44087951
14 20.46 11380 46598799
14 21.49 11914 48786063
[*] FILE READER MISSED DEADLINE! -3322
14 22.54 12275 50262772
14 23.55 12661 51843828
14 24.62 13081 53564148
14 25.63 13521 55366388
14 26.65 13917 56988404
14 27.68 14240 58311412
14 28.72 14471 59257588
14 29.78 14761 60445428
14 30.85 15052 61637364
[*] FILE READER MISSED DEADLINE! -8272
14 31.90 15320 62733145
14 32.94 15544 63650649
14 33.94 16121 66014041
14 34.97 16651 68184921
14 36.00 17151 70232921
14 37.06 18039 73870169
[*] FILE READER MISSED DEADLINE! -5040
14 38.14 18502 75764670
14 39.16 18929 77513662
14 40.25 19349 79233982
14 41.38 19645 80446398
14 42.40 20233 82854846
14 43.44 20790 85136318
14 44.46 21277 87129123
[*] FILE READER MISSED DEADLINE! -5900
14 45.49 21767 89136163
14 46.52 22745 93142051
14 47.54 23422 95915043
14 48.62 23820 97545251
14 49.63 24313 99562632
[*] FILE READER MISSED DEADLINE! -4189
14 50.67 25369 103888008
14 51.68 25911 106108040
14 52.71 26370 107988104
14 53.74 26895 110138504
14 54.88 27228 111502472
[*] FILE READER MISSED DEADLINE! -4608
14 55.93 27553 112831725
14 56.99 27909 114289901
14 58.02 28300 115891437
14 59.10 28667 117394669
14 60.11 29451 120605933
[*] FILE READER MISSED DEADLINE! -4292
14 61.14 31044 127128914
14 62.15 31752 130028882
14 63.15 32246 132052306
14 64.24 32710 133952850
14 65.26 33129 135669074
[*] FILE READER MISSED DEADLINE! -4149
14 66.27 34232 140185015
14 67.28 35371 144850359
14 68.30 35845 146791863
14 69.34 36581 149804572
[*] FILE READER MISSED DEADLINE! -2448
14 70.38 37868 155076124
14 71.49 38335 156988956
14 72.57 38626 158180892
14 73.65 38885 159241756
14 74.73 39116 160187932
14 75.75 39373 161240604
[*] FILE READER MISSED DEADLINE! -5639
14 76.78 40208 164658817
14 77.80 40919 167571073
14 78.81 41375 169438849
14 79.84 42605 174474982
[*] FILE READER MISSED DEADLINE! -2807
14 80.85 43497 178128614
14 81.90 43961 180029158
14 82.94 44769 183338726
14 83.99 45640 186904395
[*] FILE READER MISSED DEADLINE! -3092
14 85.02 46372 189902667
14 86.04 47233 193429323
14 87.07 47660 195178315
14 88.09 48116 197046091
[*] FILE READER MISSED DEADLINE! -3530
14 89.11 49595 203102128
14 90.13 50542 206981040
14 91.25 50970 208734128
14 92.26 51330 210208688
14 93.33 51674 211615765
[*] FILE READER MISSED DEADLINE! -3767
14 94.34 52032 213082133
14 95.37 53069 217329685
14 96.44 53666 219774997
14 97.54 53960 220979221
14 98.65 54217 222031893
[*] FILE READER MISSED DEADLINE! -4916
14 99.68 55564 227547258
14 100.71 56963 233277562
[*] FILE READER MISSED DEADLINE! -1143
14 101.73 58078 237842655
14 102.74 58851 241008863
14 103.83 59505 243687647
14 104.92 59873 245194975
14 105.97 60277 246849759
[*] FILE READER MISSED DEADLINE! -4071
14 107.00 62026 254011716
14 108.03 63404 259656004
[*] FILE READER MISSED DEADLINE! -1018
14 109.11 64147 262697385
14 110.19 64591 264516009
14 111.25 64945 265965993
14 112.27 65318 267493801
14 113.34 65868 269746601
14 114.44 66372 271810985
14 115.55 66774 273457577
[*] FILE READER MISSED DEADLINE! -6214
14 116.65 67087 274737678
14 117.68 67448 276216334
14 118.82 67898 278059534
14 119.82 68303 279718414
14 120.85 68709 281381390
14 121.87 69018 282647054
14 122.93 69416 284277262
14 124.00 69960 286503539
[*] FILE READER MISSED DEADLINE! -7102
14 125.01 70459 288547443
14 126.09 70960 290599539
14 127.17 71269 291865203
14 128.24 71582 293147251
14 129.26 71905 294470259
14 130.32 72312 296137331
14 131.37 72666 297587315
[*] FILE READER MISSED DEADLINE! -7091
14 132.41 73072 299248344
14 133.49 73479 300915416
14 134.56 73744 302000856
14 135.56 73980 302967512
14 136.62 74291 304241368
14 137.67 74871 306617048
14 138.75 75365 308640472
14 139.78 75807 310450904
[*] FILE READER MISSED DEADLINE! -7174
14 140.86 76212 312107837
14 141.87 76619 313774909
14 142.97 77021 315421501
14 144.05 77342 316736317
14 145.08 78081 319763261
14 146.12 78575 321786685
14 147.19 78977 323433277
[*] FILE READER MISSED DEADLINE! -6013
14 148.24 79288 324705186
14 149.26 79795 326781858
14 150.34 80400 329259938
14 151.42 80870 331185058
14 152.49 81183 332467106
14 153.56 81457 333589410
14 154.73 81724 334683042
14 155.86 81948 335600546
[*] FILE READER MISSED DEADLINE! -7804
14 156.90 82306 337064967
14 157.96 82571 338150407
14 159.00 83023 340001799
14 160.04 85197 348904556
[*] FILE READER MISSED DEADLINE! -2889
14 161.05 86245 353197164
14 162.06 86802 355478636
14 163.08 87207 357137516
14 164.16 87660 358993004
[*] FILE READER MISSED DEADLINE! -3899
14 165.19 88263 361460945
14 166.20 88728 363365585
14 167.21 89140 365053137
14 168.33 89451 366326993
14 169.35 91126 373187793
[*] FILE READER MISSED DEADLINE! -3442
14 170.37 92086 377118006
14 171.47 92632 379354422
14 172.52 93131 381398326
14 173.60 93489 382864694
14 174.73 93851 384347446
[*] FILE READER MISSED DEADLINE! -4987
14 175.75 94557 387237275
14 176.79 95368 390559131
14 177.83 96044 393328027
14 178.86 96641 395773339
14 179.89 97385 398818816
[*] FILE READER MISSED DEADLINE! -3258
14 180.90 98661 404045312
14 181.94 99876 409021952
[*] FILE READER MISSED DEADLINE! -1881
14 182.99 100473 411465317
14 184.03 100967 413488741
14 185.06 101599 416077413
14 186.10 102281 418870885
14 187.17 102737 420738661
14 188.20 103185 422573669
[*] FILE READER MISSED DEADLINE! -4655
14 189.27 104264 426991306
14 190.31 104723 428871370
14 191.38 105125 430517962
14 192.39 105480 431972042
14 193.56 105793 433254090
14 194.57 106554 436369199
[*] FILE READER MISSED DEADLINE! -5071
14 195.61 107373 439723823
14 196.62 107901 441886511
14 197.63 108258 443348783
14 198.72 108613 444802863
[*] FILE READER MISSED DEADLINE! -4007
14 199.76 109745 449437588
14 200.79 110638 453095316
14 201.81 111976 458575764
[*] FILE READER MISSED DEADLINE! -1658
14 202.85 113218 463661049
14 203.86 113949 466655225
14 204.87 114935 470693881
[*] FILE READER MISSED DEADLINE! -2091
14 205.89 116205 475893854
14 206.90 117012 479199326
14 207.93 117769 482299998
14 209.02 118368 484753502
[*] FILE READER MISSED DEADLINE! -3030
14 210.08 118777 486426819
14 211.11 119312 488618179
14 212.14 119904 491043011
14 213.28 120271 492546243
14 214.35 120539 493643971
14 215.38 121274 496654531
[*] FILE READER MISSED DEADLINE! -5247
14 216.40 122575 501981480
14 217.44 123297 504938792
14 218.54 123898 507400488
14 219.67 124253 508854568
14 220.74 124613 510327181
[*] FILE READER MISSED DEADLINE! -3943
14 221.79 125114 512379277
14 222.80 126051 516217229
14 223.82 126690 518834573
14 224.90 127228 521038221
14 226.00 127643 522736114
[*] FILE READER MISSED DEADLINE! -4340
14 227.02 127955 524014066
14 228.02 129145 528888306
[*] FILE READER MISSED DEADLINE! -1822
14 229.04 130887 536021591
14 230.09 131395 538102359
14 231.13 132074 540883543
14 232.20 132923 544361047
14 233.31 133462 546568791
[*] FILE READER MISSED DEADLINE! -4090
14 234.46 133829 548070076
14 235.49 134050 548975292
14 236.61 134329 550118076
14 237.76 134645 551412412
14 238.93 134916 552522428
14 240.11 135140 553439932
14 241.26 135361 554345148
14 242.48 135583 555254460
14 243.50 136753 560044833
[*] FILE READER MISSED DEADLINE! -8597
14 244.51 138451 566999841
14 245.53 139829 572642182
[*] FILE READER MISSED DEADLINE! -942
14 246.53 140795 576598918
14 247.54 141341 578835334
14 248.60 141897 581112710
14 249.67 142604 584008582
[*] FILE READER MISSED DEADLINE! -3428
14 250.68 143307 586886123
14 251.73 143960 589560811
14 252.73 144659 592423915
14 253.78 145236 594787307
14 254.83 145820 597179371
[*] FILE READER MISSED DEADLINE! -3907
14 256.00 146218 598807632
14 257.17 146490 599921744
14 258.20 146859 601433168
14 259.26 147757 605111376
14 260.35 148354 607556688
14 261.55 148709 609010768
[*] FILE READER MISSED DEADLINE! -6339
14 262.67 148935 609934517
14 263.78 149158 610847925
14 264.85 149467 612113589
14 265.87 151597 620838069
[*] FILE READER MISSED DEADLINE! -2753
14 266.89 153142 627164442
14 267.92 153827 629970202
14 268.97 154323 632001818
14 270.06 154772 633840922
[*] FILE READER MISSED DEADLINE! -3405
14 271.09 155184 635526527
14 272.12 155589 637185407
14 273.15 156091 639241599
14 274.23 156454 640728447
14 275.26 156857 642379135
[*] FILE READER MISSED DEADLINE! -4231
14 276.28 159566 653473252
[*] FILE READER MISSED DEADLINE! -119
14 277.29 162046 663629385
14 278.33 163334 668905033
14 279.35 164192 672417454
[*] FILE READER MISSED DEADLINE! -1235
14 280.35 164851 675116718
14 281.44 165406 677389998
14 282.45 165761 678844078
14 283.45 166060 680068782
14 284.69 166359 681293486
14 285.85 166656 682509998
14 286.85 167566 686235411
[*] FILE READER MISSED DEADLINE! -6510
14 287.87 169302 693346067
14 288.97 170207 697051000
[*] FILE READER MISSED DEADLINE! -1099
14 289.99 170807 699508600
14 291.03 171483 702277496
14 292.08 172088 704755576
14 293.11 172568 706721656
14 294.15 173172 709193693
[*] FILE READER MISSED DEADLINE! -4240
14 295.25 173606 710971357
14 296.26 174093 712966109
14 297.28 174736 715599837
14 298.29 175365 718176221
14 299.39 175975 720674781
[*] FILE READER MISSED DEADLINE! -4716
14 300.39 176450 722618434
14 301.40 178209 729823298
[*] FILE READER MISSED DEADLINE! -1016
14 302.41 180568 739483815
14 303.42 182265 746434727
[*] FILE READER MISSED DEADLINE! -575
14 304.42 183182 750188812
14 305.53 183807 752748812
14 306.65 184415 755239180
14 307.66 184960 757471500
[*] FILE READER MISSED DEADLINE! -3930
14 308.71 185497 759669105
14 309.79 186180 762466673
14 310.89 186818 765079921
14 312.01 187454 767684977
14 313.10 187961 769761649
14 314.16 188448 771754454
[*] FILE READER MISSED DEADLINE! -4533
14 315.21 189190 774793686
14 316.23 190015 778172886
14 317.29 190768 781257174
14 318.29 191313 783489494
[*] FILE READER MISSED DEADLINE! -3430
14 319.36 191797 785470011
14 320.44 192223 787214907
14 321.44 194187 795259451
[*] FILE READER MISSED DEADLINE! -2141
14 322.45 195621 801131168
14 323.51 196870 806247072
[*] FILE READER MISSED DEADLINE! -1475
14 324.57 197872 810349317
14 325.61 198602 813339397
14 326.65 199141 815547141
14 327.72 199620 817509125
14 328.86 200104 819491589
14 329.93 200463 820962053
[*] FILE READER MISSED DEADLINE! -4823
14 330.96 200760 822176618
14 332.07 201058 823397226
14 333.16 201416 824863594
14 334.34 201846 826624874
14 335.38 202141 827833194
14 336.46 202435 829037418
14 337.52 202993 831322986
14 338.57 203476 833301354
[*] FILE READER MISSED DEADLINE! -7771
14 339.61 204082 835781583
14 340.66 204824 838820815
14 341.83 205396 841163727
14 343.02 205751 842617807
14 344.15 206046 843826127
14 345.22 206288 844817359
14 346.39 206583 846025679
[*] FILE READER MISSED DEADLINE! -6629
14 347.58 206879 847236148
14 348.62 207242 848722996
14 349.66 207608 850222132
14 350.69 207967 851692596
14 351.77 208789 855059508
14 352.81 209585 858319924
[*] FILE READER MISSED DEADLINE! -5389
14 353.87 210405 861676697
14 354.88 211135 864666777
14 355.93 211677 866886809
14 357.00 212223 869123225
14 358.04 212640 870831257
[*] FILE READER MISSED DEADLINE! -4200
14 359.17 212942 872066302
14 360.24 213178 873032958
14 361.28 213745 875355390
14 362.32 214590 878816510
14 363.36 215321 881810686
[*] FILE READER MISSED DEADLINE! -5071
14 364.44 215807 883799395
14 365.51 216180 885327203
14 366.64 216547 886830435
14 367.77 217042 888857955
14 368.85 217536 890881379
14 369.90 218023 892876131
[*] FILE READER MISSED DEADLINE! -4997
14 370.93 220918 904732104
[*] FILE READER MISSED DEADLINE! -117
14 371.95 222952 913061421
14 373.00 224240 918337069
[*] FILE READER MISSED DEADLINE! -1331
14 374.04 225003 921460370
14 375.05 225477 923401874
14 376.06 226074 925847186
14 377.12 226568 927870610
14 378.21 227118 930123410
14 379.22 227714 932564626
[*] FILE READER MISSED DEADLINE! -4733
14 380.33 228385 935311095
14 381.41 229012 937879287
14 382.53 229613 940340983
14 383.58 230291 943118071
[*] FILE READER MISSED DEADLINE! -3873
14 384.70 231021 946106204
14 385.82 231569 948350812
14 386.94 232053 950333276
14 388.00 232468 952033116
14 389.12 232840 953556828
14 390.13 233848 957685596
[*] FILE READER MISSED DEADLINE! -4831
14 391.18 234925 962095041
14 392.20 235736 965416897
14 393.45 236452 968349633
[*] FILE READER MISSED DEADLINE! -2607
14 394.49 238107 975126566
14 395.51 239632 981372966
[*] FILE READER MISSED DEADLINE! -883
14 396.53 241070 987261067
14 397.58 242282 992225419
14 398.64 243135 995717360
[*] FILE READER MISSED DEADLINE! -1717
14 399.74 243749 998232304
14 400.80 244308 1000521968
14 401.82 244856 1002766576
14 402.88 245344 1004765424
14 403.94 245885 1006981360
[*] FILE READER MISSED DEADLINE! -4889
14 405.09 246299 1008675157
14 406.26 246595 1009887573
14 407.29 247449 1013385557
14 408.30 248068 1015920981
14 409.36 248681 1018431829
[*] FILE READER MISSED DEADLINE! -4796
14 410.50 249225 1020658106
14 411.58 249650 1022398906
14 412.70 250022 1023922618
14 413.77 250502 1025888698
14 414.78 251044 1028108730
14 415.90 251526 1030083002
14 417.04 251942 1031786938
[*] FILE READER MISSED DEADLINE! -6289
14 418.04 252296 1033234975
14 419.20 252663 1034738207
14 420.20 253199 1036933663
14 421.21 254114 1040681503
14 422.25 254780 1043409439
[*] FILE READER MISSED DEADLINE! -4423
14 423.38 255318 1045611140
14 424.52 255752 1047388804
14 425.52 256582 1050788484
14 426.54 258315 1057884905
[*] FILE READER MISSED DEADLINE! -2441
14 427.57 259510 1062779625
14 428.64 260345 1066199785
14 429.67 260704 1067670249
14 430.84 261000 1068882665
[*] FILE READER MISSED DEADLINE! -3571
14 431.85 262938 1076818766
[*] FILE READER MISSED DEADLINE! -474
14 432.87 264886 1084795827
14 433.89 266386 1090939827
14 434.90 267353 1094898712
[*] FILE READER MISSED DEADLINE! -1233
14 435.97 268254 1098589208
14 436.99 269871 1105212440
[*] FILE READER MISSED DEADLINE! -1375
14 437.99 271504 1111899261
14 439.06 272543 1116155005
14 440.10 273151 1118645373
[*] FILE READER MISSED DEADLINE! -2341
14 441.13 273830 1121424610
14 442.18 274855 1125623010
14 443.26 275570 1128551650
14 444.28 276360 1131787490
[*] FILE READER MISSED DEADLINE! -2699
14 445.33 277341 1135803719
14 446.35 278286 1139674439
14 447.36 279262 1143672135
[*] FILE READER MISSED DEADLINE! -2174
14 448.38 280274 1147815340
14 449.46 280998 1150780844
14 450.50 281590 1153205676
14 451.58 282009 1154921900
[*] FILE READER MISSED DEADLINE! -3823
14 452.66 282673 1157639697
14 453.73 283271 1160089105
14 454.77 284026 1163181585
14 455.78 284878 1166671377
2 458.81 5 881
[*] Statistic for 24: reader (UncompressedFileReader)
[*] Processed 100 of 100 (100%) images
[*]  - Total time      : 456724 ms.
[*]  - Processing time : 25698 ms.
[*]  - Idle time       : 431026 ms. (94%)
[*]  - Avg. proc. time : 256 ms/image.
[*]
[*]  - Data in         : 1.16 GB
[*]  - Data out        : 1.16 GB
[*]
[*] - Avg. size in    : 11.87 MB/image.
[*] - Avg. size out   : 11.87 MB/image.
[*]  - Overall rate in : 21.79 MBit/sec.
[*]  - Overall rate out: 21.79 MBit/sec.
[*]  - Proc. rate in   : 387.32 MBit/sec.
[*]  - Proc. rate out  : 387.32 MBit/sec.
[*]  - Done : true
[*] Queue: reader[24]->color[24]
[*]   len: 5
[*]   put: 100
[*] block: 94
[*]  time: 426313
[*]   get: 95
[*] block: 1
[*]  time: 285
[*] reader is done ?
14 456.85 285624 1169725046
14 457.95 286113 1171727990
14 458.98 287031 1175488118
14 460.02 287882 1178973814
14 461.02 288541 1181673078
14 462.03 289076 1183862491
14 463.04 289674 1186311899
14 464.07 290270 1188753115
14 465.10 290752 1190727387
14 466.13 292966 1199793984
14 467.18 294557 1206310720
14 468.20 295662 1210834853
14 469.24 297120 1216806821
14 470.33 297992 1220376586
14 471.39 298542 1222629386
14 472.47 299167 1225189386
14 473.48 299824 1227880458
14 474.50 301787 1235918959
14 475.60 303201 1241710703
[*] Ibis WRITER took 476555 send 476266 get 288 bytes 1244170152 2.49132442626948 2.4898135980142064
2 478.64 6 898
