[*] Waiting for work
[*] Got message from (Ibis 0, location fs0.das3.cs.vu.nl) data demo.grid.ListingRequest@785f8172
[*] Executing listing request: FileSetDescription: /local/jason/generated2 / hd48-%4.raw true
2 1.21 4 718
[*] Got registered message 14 reader [in: none] [out: put.0.14]
[*] Got component reader
[*] Need to create put queue put.0.14
[*]   type image.UncompressedImage
[*]   length 5
[*]   connected to [get.1.14]
[*] Created queue reader[14]->color[14] max length 5
[*] Create component reader
[*]  - Type     : processors.UncompressedFileReader
[*]  - In type  : none
[*]  - In name  : none
[*]  - In ok    : true
[*]  - Out type : image.UncompressedImage
[*]  - Out name : reader[14]->color[14]
[*] - Out ok   : true
[*]  - Options  : {input=fileset://inputset, fps=31, repeat=0}
[*] SET TOTAL TO 100
[*] Started component reader
[*] Got message from (Ibis 0, location fs0.das3.cs.vu.nl) data true
[*] FILE READER TARGET GAP 1032
[*] Allocating buffer!
13 1.02 234 950572
13 2.02 712 2908460
13 3.05 4383 17942981
13 4.07 6863 28099114
13 5.07 8496 34787882
13 6.17 9115 37323306
13 7.24 9586 39250575
13 8.32 10121 41441935
13 9.47 10527 43104911
13 10.47 10794 44198543
13 11.58 11354 46492303
13 12.70 11757 48142991
13 13.82 12094 49523343
[*] FILE READER MISSED DEADLINE! -3364
13 14.94 12362 50619124
13 15.97 12638 51749620
13 17.10 13035 53375732
13 18.11 13310 54502132
13 19.14 13934 57058036
13 20.16 14706 60220148
[*] FILE READER MISSED DEADLINE! -5906
13 21.21 15397 63048537
13 22.26 15866 64969561
13 23.32 16270 66624345
13 24.45 16602 67984217
13 25.49 16934 69344089
13 26.63 17334 70982489
13 27.64 17668 72350553
[*] FILE READER MISSED DEADLINE! -6556
13 28.65 18740 76739518
13 29.74 19933 81626046
13 30.78 20828 85291966
[*] FILE READER MISSED DEADLINE! -1956
13 31.87 21525 88144931
13 33.08 22014 90147875
13 34.21 22411 91773987
13 35.27 22820 93449251
13 36.32 23219 95083555
13 37.42 23550 96439331
[*] FILE READER MISSED DEADLINE! -5822
13 38.44 24454 100140168
13 39.51 24921 102053000
13 40.65 25259 103437448
13 41.67 26401 108115080
[*] FILE READER MISSED DEADLINE! -3024
13 42.69 27821 113929453
13 43.80 28705 117550317
13 44.97 29171 119459053
13 46.01 29869 122318061
[*] FILE READER MISSED DEADLINE! -3148
13 47.06 30932 126670162
13 48.24 31560 129242450
13 49.34 32158 131691858
13 50.42 32489 133047634
13 51.64 32826 134427986
13 52.79 33240 136123730
[*] FILE READER MISSED DEADLINE! -5863
13 53.79 33514 137244087
13 54.84 34881 142843319
13 55.87 35688 146148791
13 56.89 36150 148041143
[*] FILE READER MISSED DEADLINE! -3199
13 57.91 36549 149673500
13 59.05 36887 151057948
13 60.11 37284 152684060
13 61.21 37749 154588700
13 62.38 38160 156272156
13 63.43 38428 157369884
13 64.46 38693 158455324
13 65.52 39026 159819292
[*] FILE READER MISSED DEADLINE! -7462
13 66.52 39918 163470977
13 67.54 40400 165445249
13 68.70 40796 167067265
13 69.73 41327 169242241
13 70.79 41869 171462273
13 71.90 42072 172293761
13 73.05 42407 173665921
[*] FILE READER MISSED DEADLINE! -6239
13 74.14 42739 175023846
13 75.16 43777 179275494
13 76.21 44470 182114022
13 77.38 44874 183768806
13 78.44 45282 185439974
[*] FILE READER MISSED DEADLINE! -4995
13 79.60 45624 186838859
13 80.63 46100 188788555
13 81.68 48059 196812619
[*] FILE READER MISSED DEADLINE! -1757
13 82.74 49112 201123760
13 83.85 49865 204208048
13 84.86 50396 206383024
13 85.93 51131 209393584
13 86.95 51531 211031984
[*] FILE READER MISSED DEADLINE! -4066
13 88.03 51878 212451349
13 89.07 52208 213803029
13 90.13 52542 215171093
13 91.21 52809 216264725
13 92.27 53008 217079829
13 93.32 53488 219045909
13 94.40 53834 220463125
13 95.42 54525 223293461
[*] FILE READER MISSED DEADLINE! -7288
13 96.46 55631 227821690
13 97.48 56166 230013050
13 98.52 56650 231995514
13 99.56 57116 233904250
13 100.80 57455 235292794
13 101.83 57721 236382330
[*] FILE READER MISSED DEADLINE! -5296
13 103.07 57989 237478111
13 104.07 58299 238747871
13 105.10 58594 239956191
13 106.23 58861 241049823
13 107.24 59195 242417887
13 108.25 60197 246522079
[*] FILE READER MISSED DEADLINE! -6055
13 109.32 60999 249805124
13 110.44 61602 252275012
13 111.51 62000 253905220
13 112.55 63376 259541316
[*] FILE READER MISSED DEADLINE! -2834
13 113.55 64996 266174889
13 114.56 66345 271700393
[*] FILE READER MISSED DEADLINE! -1201
13 115.63 67303 275622414
13 116.67 67859 277899790
13 117.70 68391 280078862
13 118.71 68795 281733646
13 119.85 69136 283130382
13 120.92 69468 284490254
13 122.09 69866 286120462
[*] FILE READER MISSED DEADLINE! -6044
13 123.16 70200 287486579
13 124.34 70530 288838259
13 125.40 70872 290239091
13 126.57 71337 292143731
13 127.58 71738 293786227
13 128.64 72271 295969395
13 129.73 72871 298426995
[*] FILE READER MISSED DEADLINE! -6622
13 130.80 73347 300374744
13 131.97 73684 301755096
13 133.13 74083 303389400
13 134.17 74561 305347288
13 135.18 76121 311735101
[*] FILE READER MISSED DEADLINE! -4232
13 136.18 76858 314753853
13 137.19 77272 316449597
13 138.30 77804 318628669
13 139.43 78203 320262973
13 140.45 78534 321618749
[*] FILE READER MISSED DEADLINE! -4730
13 141.46 79781 326724514
13 142.52 80451 329468834
13 143.59 81047 331910050
13 144.66 81513 333818786
13 145.72 81850 335199138
[*] FILE READER MISSED DEADLINE! -4447
13 146.74 82189 336585735
13 147.81 82728 338793479
13 148.83 83338 341292039
13 149.93 83937 343745543
13 151.08 84467 345916423
13 152.21 84800 347280391
[*] FILE READER MISSED DEADLINE! -5383
13 153.25 86218 353086572
13 154.30 87525 358440044
[*] FILE READER MISSED DEADLINE! -1233
13 155.35 88402 362030289
13 156.43 89007 364508369
13 157.45 89677 367252689
13 158.56 90505 370644177
13 159.58 91063 372929745
[*] FILE READER MISSED DEADLINE! -3782
13 160.64 91661 375377206
13 161.69 92270 377871670
13 162.85 92608 379256118
13 163.86 93593 383290678
13 164.93 94130 385490230
[*] FILE READER MISSED DEADLINE! -4188
13 165.98 94463 386852251
13 167.16 94799 388228507
13 168.33 95065 389318043
13 169.58 95332 390411675
13 170.65 95597 391497115
13 171.75 96276 394278299
13 172.86 96611 395650459
13 174.03 97076 397555099
[*] FILE READER MISSED DEADLINE! -8429
13 175.05 97542 399461888
13 176.12 97940 401092096
13 177.15 98343 402742784
13 178.21 99031 405560832
13 179.37 99573 407780864
13 180.78 99904 409136640
13 181.79 100712 412444261
[*] FILE READER MISSED DEADLINE! -6172
13 182.81 102527 419878501
[*] FILE READER MISSED DEADLINE! -882
13 183.87 103482 423788234
13 185.01 103958 425737930
13 186.07 104633 428502730
13 187.13 105105 430436042
13 188.31 105506 432078538
13 189.53 105835 433426122
[*] FILE READER MISSED DEADLINE! -5714
13 190.55 107040 438359855
13 191.59 108890 445937455
[*] FILE READER MISSED DEADLINE! -639
13 192.65 110110 450932628
13 193.75 110842 453930900
13 194.90 111321 455892884
13 196.05 111664 457297812
13 197.17 112203 459505556
[*] FILE READER MISSED DEADLINE! -4671
13 198.24 112606 461154297
13 199.31 112870 462235641
13 200.33 113202 463595513
13 201.59 113535 464959481
13 202.86 113802 466053113
13 203.97 114068 467142649
13 205.04 114334 468232185
[*] FILE READER MISSED DEADLINE! -7019
13 206.07 116235 476016734
13 207.09 117327 480489566
13 208.20 118017 483315806
13 209.35 118484 485226692
[*] FILE READER MISSED DEADLINE! -2672
13 210.48 118818 486594755
13 211.64 119151 487958723
13 212.83 119484 489322691
13 214.04 119750 490412227
13 215.19 119949 491227331
13 216.34 120229 492374211
13 217.47 120647 494086339
13 218.51 120990 495491267
13 219.52 121321 496847043
[*] FILE READER MISSED DEADLINE! -9518
13 220.55 121658 498225448
13 221.84 121987 499573032
13 222.89 122619 502161704
13 223.99 123386 505303336
13 225.10 123934 507547944
13 226.24 124333 509182248
13 227.29 124599 510269837
[*] FILE READER MISSED DEADLINE! -6112
13 228.30 125755 515004813
13 229.48 126297 517224845
13 230.53 126922 519784845
13 231.70 127534 522291597
[*] FILE READER MISSED DEADLINE! -3631
13 232.77 127877 523694578
13 233.91 128212 525066738
13 235.11 128479 526160370
13 236.32 128750 527270386
13 237.42 129179 529027570
13 238.43 129590 530711026
13 239.43 129865 531837426
13 240.47 130134 532939250
13 241.61 130467 534303218
[*] FILE READER MISSED DEADLINE! -9458
13 242.89 130733 535390807
13 244.01 131132 537025111
13 245.17 131538 538688087
13 246.23 132008 540613207
13 247.23 133417 546384471
[*] FILE READER MISSED DEADLINE! -4105
13 248.26 135190 553644732
13 249.31 136592 559387324
[*] FILE READER MISSED DEADLINE! -982
13 250.31 137636 563661601
13 251.36 138479 567114529
13 252.46 139169 569940769
13 253.49 139633 571841313
[*] FILE READER MISSED DEADLINE! -3282
13 254.61 140096 573735814
13 255.76 140496 575374214
13 256.82 140910 577069958
13 258.01 141312 578716550
13 259.26 141579 579810182
13 260.40 141781 580637574
13 261.41 143250 586652651
[*] FILE READER MISSED DEADLINE! -6569
13 262.47 145542 596040683
[*] FILE READER MISSED DEADLINE! -373
13 263.51 146453 599770192
13 264.62 147049 602211408
13 265.70 147447 603841616
13 266.81 147848 605484112
13 267.87 148111 606561360
13 268.98 148593 608535632
[*] FILE READER MISSED DEADLINE! -5695
13 270.05 149063 610458805
13 271.09 149397 611826869
13 272.12 149730 613190837
13 273.13 150003 614309045
13 274.23 150336 615673013
13 275.34 150818 617647285
13 276.48 151150 619007157
13 277.67 151421 620117173
13 278.87 151687 621206709
[*] FILE READER MISSED DEADLINE! -9336
13 280.02 151957 622310682
13 281.43 152226 623412506
13 282.46 152424 624223514
13 283.73 152695 625333530
13 284.80 152959 626414874
13 285.86 153575 628938010
13 286.94 154201 631502106
13 288.04 154531 632853786
13 289.04 154740 633709850
[*] FILE READER MISSED DEADLINE! -8891
13 290.14 155155 635407743
13 291.24 155755 637865343
13 292.25 156222 639778175
13 293.40 156688 641686911
13 294.47 157028 643079551
13 295.50 158346 648476132
[*] FILE READER MISSED DEADLINE! -4632
13 296.50 161098 659746377
[*] FILE READER MISSED DEADLINE! -64
13 297.52 162844 666897993
13 298.55 164249 672650926
[*] FILE READER MISSED DEADLINE! -933
13 299.61 165440 677529262
13 300.66 166433 681596590
[*] FILE READER MISSED DEADLINE! -2055
13 301.73 167295 685125395
13 302.83 167864 687456019
13 303.92 168205 688852755
13 305.03 168547 690253587
13 306.17 168820 691371795
13 307.27 169391 693710611
13 308.29 169813 695439123
[*] FILE READER MISSED DEADLINE! -6494
13 309.43 170301 697436024
13 310.57 170576 698562424
13 311.67 170780 699398008
13 312.77 171124 700807032
13 313.91 171635 702900088
13 315.09 171977 704300920
13 316.14 172187 705161080
13 317.26 172468 706312056
13 318.27 173039 708650872
[*] FILE READER MISSED DEADLINE! -8377
13 319.27 173536 710684637
13 320.34 173887 712122333
13 321.47 174160 713240541
13 322.76 174438 714379229
13 324.04 174712 715501533
13 325.23 174987 716627933
13 326.29 175265 717766621
13 327.36 175758 719785949
[*] FILE READER MISSED DEADLINE! -8361
13 328.37 176693 723613762
13 329.44 177396 726493250
13 330.45 177951 728766530
13 331.49 178296 730179650
13 332.50 178571 731306050
13 333.67 178846 732432450
13 334.69 179205 733902914
[*] FILE READER MISSED DEADLINE! -5889
13 335.82 179618 735592615
13 336.86 180051 737366183
13 338.04 180532 739336359
13 339.22 180876 740745383
13 340.47 181148 741859495
13 341.66 181420 742973607
13 342.81 181693 744091815
13 343.92 181965 745205927
[*] FILE READER MISSED DEADLINE! -8783
13 344.93 182832 748755212
13 345.99 183900 753129740
13 347.07 184753 756623628
13 348.08 185255 758679820
[*] FILE READER MISSED DEADLINE! -2547
13 349.11 186048 761926001
13 350.22 186882 765342065
13 351.37 187444 767644017
13 352.47 187800 769102193
13 353.60 188074 770224497
13 354.77 188348 771346801
[*] FILE READER MISSED DEADLINE! -5664
13 355.86 188688 772737494
13 356.96 189031 774142422
13 358.08 189376 775555542
13 359.27 189787 777238998
13 360.31 190409 779786710
13 361.45 190905 781818326
13 362.56 191249 783227350
[*] FILE READER MISSED DEADLINE! -7227
13 363.67 191595 784642619
13 364.68 192162 786965051
13 365.72 192736 789316155
13 366.76 193149 791007803
13 367.83 193699 793260603
[*] FILE READER MISSED DEADLINE! -4470
13 368.86 194807 797797024
13 369.91 195646 801233568
13 370.98 196261 803752608
13 372.01 197118 807262880
[*] FILE READER MISSED DEADLINE! -2965
13 373.12 197818 810128133
13 374.16 198306 812126981
13 375.21 198722 813830917
13 376.34 199134 815518469
13 377.37 199476 816919301
13 378.41 200027 819176197
13 379.47 200581 821443434
[*] FILE READER MISSED DEADLINE! -5662
13 380.59 201013 823212906
13 381.70 201357 824621930
13 382.77 201700 826026858
13 383.79 201972 827140970
13 384.81 202312 828533610
13 385.98 202721 830208874
13 387.07 203069 831634282
13 388.08 203345 832764778
[*] FILE READER MISSED DEADLINE! -8227
13 389.21 203834 834765775
13 390.30 204177 836170703
13 391.36 204802 838730703
13 392.43 205516 841655247
13 393.46 206067 843912143
13 394.48 206552 845898703
[*] FILE READER MISSED DEADLINE! -4989
13 395.51 206974 847625268
13 396.67 207392 849337396
13 397.94 207734 850738228
13 399.08 208007 851856436
13 400.10 208429 853584948
13 401.12 208775 855002164
13 402.22 209194 856718388
13 403.23 209537 858123316
[*] FILE READER MISSED DEADLINE! -7875
13 404.26 210394 861631641
13 405.28 211172 864818329
13 406.36 211809 867427481
13 407.41 212292 869405849
13 408.62 212706 871099646
[*] FILE READER MISSED DEADLINE! -3964
13 409.62 212980 872221950
13 410.75 213327 873643262
13 411.91 213742 875343102
13 412.98 214154 877030654
13 414.01 215352 881937662
[*] FILE READER MISSED DEADLINE! -4895
13 415.09 216282 885744995
13 416.19 217000 888685923
13 417.27 217556 890963299
13 418.28 218560 895075683
[*] FILE READER MISSED DEADLINE! -3065
13 419.33 219422 898604488
13 420.36 220178 901701064
[*] FILE READER MISSED DEADLINE! -1430
13 421.36 223256 914306605
[*] FILE READER MISSED DEADLINE! -23
13 422.37 225652 924118674
13 423.38 227185 930397842
[*] FILE READER MISSED DEADLINE! -965
13 424.43 228495 935761655
13 425.45 229816 941172471
13 426.56 230939 945770332
[*] FILE READER MISSED DEADLINE! -1499
13 427.57 231887 949653340
13 428.58 233204 955047772
13 429.64 233776 957390684
[*] FILE READER MISSED DEADLINE! -2396
13 430.64 234146 958904257
13 431.74 234511 960399297
13 432.95 234874 961886145
13 434.02 235238 963377089
13 435.25 235512 964499393
13 436.31 236393 968107969
[*] FILE READER MISSED DEADLINE! -5831
13 437.34 237379 972144678
13 438.47 238019 974766118
13 439.63 238561 976986150
13 440.81 239016 978849830
13 441.98 239375 980320294
13 443.08 239831 982188070
[*] FILE READER MISSED DEADLINE! -5544
13 444.18 240192 983664779
13 445.35 240553 985143435
13 446.37 241488 988973195
13 447.44 242775 994244747
[*] FILE READER MISSED DEADLINE! -3297
13 448.48 243978 999170288
13 449.49 246066 1007722736
[*] FILE READER MISSED DEADLINE! -822
13 450.49 247482 1013520725
13 451.51 248508 1017723221
[*] FILE READER MISSED DEADLINE! -1598
13 452.57 249538 1021940154
13 453.61 250871 1027400122
13 454.66 252279 1033165343
[*] FILE READER MISSED DEADLINE! -1365
13 455.71 253488 1038117407
13 456.81 254436 1042000415
13 457.83 255260 1045373572
[*] FILE READER MISSED DEADLINE! -2214
13 458.92 256183 1049154180
13 459.95 257752 1055580804
[*] FILE READER MISSED DEADLINE! -1473
13 460.98 259002 1060698857
13 462.05 259735 1063701225
13 463.12 260378 1066334953
13 464.13 261016 1068948201
[*] FILE READER MISSED DEADLINE! -3229
13 465.25 261475 1070826318
13 466.28 262112 1073435470
13 467.30 262845 1076437838
13 468.31 264158 1081815886
[*] FILE READER MISSED DEADLINE! -2856
13 469.37 265093 1085643699
13 470.56 265643 1087896499
13 471.71 266190 1090137011
13 472.78 266836 1092783027
[*] FILE READER MISSED DEADLINE! -3947
13 474.06 267581 1095832600
13 475.10 268825 1100928024
13 476.15 270281 1106891800
[*] FILE READER MISSED DEADLINE! -1881
13 477.23 271015 1109896317
13 478.28 271762 1112956029
13 479.39 272319 1115237501
13 480.61 272770 1117084797
13 481.67 273604 1120498914
[*] FILE READER MISSED DEADLINE! -4170
13 482.70 274529 1124287714
13 483.76 276171 1131013346
[*] FILE READER MISSED DEADLINE! -1531
13 484.80 277276 1135537479
13 485.89 278396 1140124999
13 486.90 279261 1143668039
[*] FILE READER MISSED DEADLINE! -2065
13 488.01 279993 1146664364
13 489.06 280723 1149654444
13 490.22 281468 1152705964
13 491.25 282302 1156122028
[*] FILE READER MISSED DEADLINE! -3287
13 492.33 283239 1159958033
13 493.47 283970 1162952209
13 494.60 284600 1165532689
13 495.65 285240 1168154129
2 497.73 5 881
[*] Statistic for 14: reader (UncompressedFileReader)
[*] Processed 100 of 100 (100%) images
[*]  - Total time      : 495700 ms.
[*]  - Processing time : 26726 ms.
[*]  - Idle time       : 468974 ms. (94%)
[*]  - Avg. proc. time : 267 ms/image.
[*]
[*]  - Data in         : 1.16 GB
[*]  - Data out        : 1.16 GB
[*]
[*] - Avg. size in    : 11.87 MB/image.
[*] - Avg. size out   : 11.87 MB/image.
[*]  - Overall rate in : 20.08 MBit/sec.
[*]  - Overall rate out: 20.08 MBit/sec.
[*]  - Proc. rate in   : 372.42 MBit/sec.
[*]  - Proc. rate out  : 372.42 MBit/sec.
[*]  - Done : true
[*] Queue: reader[14]->color[14]
[*]   len: 5
[*]   put: 100
[*] block: 91
[*]  time: 462064
[*]   get: 95
[*] block: 1
[*]  time: 390
[*] reader is done ?
13 496.67 288190 1180235382
13 497.68 291154 1192373979
13 498.71 294174 1204741952
13 499.74 296285 1213386661
13 500.77 299291 1225697290
13 501.77 303221 1241792623
[*] Ibis WRITER took 501835 send 501443 get 392 bytes 1244170152 2.3662372776201086 2.364388931026453
2 503.81 6 898
