[*] Waiting for work
[*] Got message from (Ibis 0, location fs0.das3.cs.vu.nl) data demo.grid.ListingRequest@785f8172
[*] Executing listing request: FileSetDescription: /local/jason/generated2 / hd48-%4.raw true
2 1.25 4 718
[*] Got registered message 15 reader [in: none] [out: put.0.15]
[*] Got component reader
[*] Need to create put queue put.0.15
[*]   type image.UncompressedImage
[*]   length 5
[*]   connected to [get.1.15]
[*] Created queue reader[15]->color[15] max length 5
[*] Create component reader
[*]  - Type     : processors.UncompressedFileReader
[*]  - In type  : none
[*]  - In name  : none
[*]  - In ok    : true
[*]  - Out type : image.UncompressedImage
[*]  - Out name : reader[15]->color[15]
[*] - Out ok   : true
[*]  - Options  : {input=fileset://inputset, fps=31, repeat=0}
[*] SET TOTAL TO 100
[*] Started component reader
[*] Got message from (Ibis 0, location fs0.das3.cs.vu.nl) data true
[*] FILE READER TARGET GAP 1032
[*] Allocating buffer!
13 1.01 206 835884
13 2.02 524 2138412
13 3.04 895 3658028
13 4.05 1244 5087532
13 5.05 1712 7004460
13 6.08 2062 8438060
13 7.12 2366 9683244
13 8.13 2754 11272492
[*] FILE READER MISSED DEADLINE! -1248
13 9.14 3443 14092741
13 10.15 3796 15538629
13 11.17 4715 19302853
13 12.19 5435 22251973
13 13.21 5993 24537541
[*] FILE READER MISSED DEADLINE! -3761
13 14.23 6425 26305066
13 15.29 6744 27611690
13 16.30 8184 33509930
13 17.33 9158 37497487
[*] FILE READER MISSED DEADLINE! -2871
13 18.36 9558 39135887
13 19.38 9828 40241807
13 20.38 11635 47643279
[*] FILE READER MISSED DEADLINE! -2394
13 21.42 13228 54166260
13 22.46 14079 57651956
13 23.48 14928 61129460
[*] FILE READER MISSED DEADLINE! -1929
13 24.48 16308 66779993
13 25.50 17291 70806361
13 26.52 18018 73784153
[*] FILE READER MISSED DEADLINE! -2163
13 27.58 18573 76055486
13 28.67 18965 77661118
13 29.75 19437 79594430
13 30.81 19967 81765310
13 31.84 20435 83682238
13 32.93 20901 85590974
13 33.99 21222 86905790
[*] FILE READER MISSED DEADLINE! -6291
13 35.02 21641 88620067
13 36.06 22354 91540515
13 37.10 22858 93604899
13 38.13 23362 95669283
13 39.15 23794 97438755
13 40.20 24158 98929699
[*] FILE READER MISSED DEADLINE! -5460
13 41.28 24532 100459656
13 42.30 24821 101643400
13 43.35 25177 103101576
13 44.47 25534 104563848
13 45.54 25787 105600136
13 46.62 26261 107541640
13 47.66 26583 108860552
13 48.66 26869 110032008
13 49.68 27191 111350920
[*] FILE READER MISSED DEADLINE! -8551
13 50.76 27475 112512237
13 51.87 27798 113835245
13 52.99 28116 115137773
13 54.00 28948 118545645
13 55.06 29493 120777965
13 56.14 29849 122236141
13 57.19 30439 124650834
[*] FILE READER MISSED DEADLINE! -5802
13 58.23 30793 126100818
13 59.30 31116 127423826
13 60.39 31475 128894290
13 61.42 32238 132019538
13 62.47 33018 135214418
[*] FILE READER MISSED DEADLINE! -5084
13 63.51 33569 137469367
13 64.52 34084 139578807
13 65.62 34448 141069751
13 66.63 35224 144248247
13 67.68 35854 146828727
13 68.73 36403 149077431
[*] FILE READER MISSED DEADLINE! -4627
13 69.80 37075 151827996
13 70.84 37511 153613852
13 71.88 38267 156710428
13 72.91 38931 159430172
13 74.00 39302 160949788
[*] FILE READER MISSED DEADLINE! -4510
13 75.01 41309 169168513
[*] FILE READER MISSED DEADLINE! -130
13 76.05 43488 178091750
13 77.08 44926 183981798
13 78.19 45656 186969931
[*] FILE READER MISSED DEADLINE! -1424
13 79.32 46030 188501835
13 80.36 46421 190103371
13 81.53 46798 191647563
13 82.69 47111 192929611
13 83.74 47430 194236235
13 84.88 47745 195526475
13 85.94 48061 196820811
13 87.04 48379 198123339
[*] FILE READER MISSED DEADLINE! -8975
13 88.24 48633 199161776
13 89.35 48887 200202160
13 90.35 49413 202356656
13 91.42 50334 206129072
13 92.53 50846 208226224
13 93.70 51296 210069424
13 94.72 51549 211105712
[*] FILE READER MISSED DEADLINE! -5908
13 95.77 52574 215302165
13 96.83 53093 217427989
13 98.00 53484 219029525
13 99.06 53871 220614677
13 100.13 54675 223907861
[*] FILE READER MISSED DEADLINE! -4245
13 101.16 55183 225986682
13 102.33 55561 227534970
13 103.41 55875 228821114
13 104.69 56189 230107258
13 105.74 56592 231757946
13 106.89 57294 234633338
13 107.98 57607 235915386
[*] FILE READER MISSED DEADLINE! -7051
13 109.15 58046 237711583
13 110.29 58360 238997727
13 111.52 58679 240304351
13 112.66 58932 241340639
13 113.85 59183 242368735
13 114.93 59432 243388639
13 115.94 59746 244674783
13 117.14 60061 245965023
13 118.16 60761 248832223
[*] FILE READER MISSED DEADLINE! -8883
13 119.24 61366 251308356
13 120.34 61932 253626692
13 121.39 62369 255416644
13 122.43 63062 258255172
13 123.53 63751 261077316
[*] FILE READER MISSED DEADLINE! -4342
13 124.54 64199 262910377
13 125.63 64574 264446377
13 126.65 65015 266252713
13 127.79 65456 268059049
13 128.82 66226 271212969
13 129.95 66853 273779214
[*] FILE READER MISSED DEADLINE! -5244
13 131.03 67227 275311118
13 132.09 67540 276593166
13 133.17 67917 278137358
13 134.31 68355 279931406
13 135.48 68802 281762318
13 136.50 69127 283093518
13 137.54 69438 284367374
[*] FILE READER MISSED DEADLINE! -7301
13 138.56 70219 287564403
13 139.60 71288 291943027
13 140.65 71792 294007411
13 141.72 72233 295813747
13 142.88 72552 297120371
[*] FILE READER MISSED DEADLINE! -4293
13 143.89 73123 299457240
13 144.98 73636 301558488
13 146.08 74429 304806616
13 147.18 75007 307174104
13 148.19 75517 309263064
[*] FILE READER MISSED DEADLINE! -4453
13 149.35 76089 311604029
13 150.52 76464 313140029
13 151.66 76778 314426173
13 152.78 77168 316023613
13 153.81 77543 317559613
13 154.82 77855 318837565
13 155.96 78230 320373565
13 157.05 78681 322220861
[*] FILE READER MISSED DEADLINE! -7834
13 158.22 79057 323759010
13 159.31 79368 325032866
13 160.35 80447 329452450
13 161.40 81469 333638562
[*] FILE READER MISSED DEADLINE! -3344
13 162.43 82104 336237575
13 163.53 82481 337781767
13 164.67 82922 339588103
13 165.76 83359 341378055
13 166.78 83678 342684679
13 167.90 84053 344220679
13 169.03 84366 345502727
13 170.21 84621 346547207
13 171.30 84870 347567111
[*] FILE READER MISSED DEADLINE! -8933
13 172.41 85122 348597356
13 173.42 85374 349629548
13 174.53 86087 352549996
13 175.56 86589 354606188
13 176.61 86902 355888236
13 177.75 87157 356932716
13 178.77 87411 357973100
13 179.87 87662 359001196
[*] FILE READER MISSED DEADLINE! -7506
13 180.94 88248 361399505
13 182.04 88819 363738321
13 183.08 89194 365274321
13 184.23 89572 366822609
13 185.37 89952 368379089
13 186.56 90266 369665233
13 187.62 90862 372106449
[*] FILE READER MISSED DEADLINE! -6435
13 188.62 91704 375553334
[*] FILE READER MISSED DEADLINE! -195
13 189.64 94679 387736987
13 190.70 95858 392566171
13 191.76 96315 394438043
13 192.93 96755 396240283
13 194.08 97131 397780379
[*] FILE READER MISSED DEADLINE! -3903
13 195.15 97451 399089152
13 196.18 97765 400375296
13 197.21 98489 403340800
13 198.28 98880 404942336
13 199.29 100173 410238464
[*] FILE READER MISSED DEADLINE! -4044
13 200.33 101179 414357093
13 201.44 101886 417252965
13 202.45 102329 419067493
13 203.52 103457 423685834
[*] FILE READER MISSED DEADLINE! -2877
13 204.55 104040 426073802
13 205.62 104484 427892426
13 206.70 105139 430575306
13 207.70 105649 432664266
[*] FILE READER MISSED DEADLINE! -3962
13 208.76 106963 438044463
13 209.83 107747 441255727
13 210.88 108315 443582255
13 212.05 108755 445384495
13 213.14 109406 448049044
[*] FILE READER MISSED DEADLINE! -3745
13 214.29 109847 449855380
13 215.39 110164 451153812
13 216.51 110475 452427668
13 217.62 110790 453717908
13 218.84 111102 454995860
13 219.85 112053 458891156
[*] FILE READER MISSED DEADLINE! -5976
13 220.87 113336 464144377
13 221.92 114046 467052537
13 222.96 114488 468862969
13 223.99 115060 471205881
[*] FILE READER MISSED DEADLINE! -3211
13 225.01 115994 475029598
13 226.01 116584 477446238
13 227.12 116965 479006814
13 228.31 117341 480546910
13 229.37 117783 482357342
13 230.53 118352 484687966
[*] FILE READER MISSED DEADLINE! -5618
13 231.60 118665 485968067
13 232.66 118917 487000259
13 233.71 119167 488024259
13 234.77 119692 490174659
13 235.80 120260 492501187
13 236.94 120718 494377155
13 237.97 121099 495937731
13 238.98 121540 497742120
[*] FILE READER MISSED DEADLINE! -6876
13 240.15 121917 499286312
13 241.15 122486 501616936
13 242.19 124378 509366568
[*] FILE READER MISSED DEADLINE! -2452
13 243.33 125147 512514445
13 244.38 125591 514333069
13 245.59 125904 515615117
13 246.81 126155 516643213
13 247.85 126665 518732173
[*] FILE READER MISSED DEADLINE! -5053
13 248.86 128297 525414898
13 249.91 129389 529887730
13 250.94 130237 533361138
[*] FILE READER MISSED DEADLINE! -2129
13 252.04 130943 536250967
13 253.15 131572 538827351
13 254.20 132097 540977751
13 255.22 132492 542595671
13 256.24 132818 543930967
[*] FILE READER MISSED DEADLINE! -4094
13 257.25 134861 552297148
13 258.27 136019 557040316
13 259.38 136583 559350460
[*] FILE READER MISSED DEADLINE! -2003
13 260.45 136957 560880417
13 261.74 137208 561908513
13 262.75 137459 562936609
13 263.82 137835 564476705
13 264.94 138276 566283041
13 265.97 138852 568642337
13 267.10 139242 570239777
13 268.34 139493 571267873
13 269.42 139748 572312353
[*] FILE READER MISSED DEADLINE! -8676
13 270.46 140195 574141318
13 271.60 140578 575710086
13 272.61 140827 576729990
13 273.61 142036 581682054
[*] FILE READER MISSED DEADLINE! -3544
13 274.62 143658 588323819
13 275.73 144583 592112619
13 276.88 145021 593906667
13 278.15 145404 595475435
13 279.25 145655 596503531
[*] FILE READER MISSED DEADLINE! -4817
13 280.32 145970 597791824
13 281.40 147321 603325520
13 282.44 147958 605934672
13 283.56 148396 607728720
13 284.59 148709 609010768
[*] FILE READER MISSED DEADLINE! -4178
13 285.63 149150 610815157
13 286.71 149928 614001845
13 287.75 150367 615799989
13 288.86 150681 617086133
13 290.02 151056 618622133
13 291.04 151433 620166325
13 292.17 151810 621710517
[*] FILE READER MISSED DEADLINE! -6402
13 293.23 152123 622990618
13 294.30 152374 624018714
13 295.35 152625 625046810
13 296.45 152877 626079002
13 297.45 154223 631592218
[*] FILE READER MISSED DEADLINE! -4550
13 298.50 155381 636333439
13 299.57 156207 639716735
13 300.66 156856 642375039
13 301.72 157294 644169087
13 302.82 157611 645467519
13 303.82 157863 646499711
[*] FILE READER MISSED DEADLINE! -5003
13 304.98 158178 647788004
13 305.98 158429 648816100
13 307.01 159843 654607844
13 308.02 160792 658494948
[*] FILE READER MISSED DEADLINE! -3128
13 309.08 161638 661958217
13 310.22 162147 664043081
13 311.34 162466 665349705
13 312.47 162717 666377801
13 313.49 163230 668479049
[*] FILE READER MISSED DEADLINE! -4693
13 314.52 164868 675186350
13 315.56 166181 680564398
13 316.60 167180 684654355
[*] FILE READER MISSED DEADLINE! -1419
13 317.61 167826 687300371
13 318.67 168405 689671955
13 319.69 168780 691207955
13 320.72 169031 692236051
13 321.93 169344 693518099
13 322.97 169863 695643923
[*] FILE READER MISSED DEADLINE! -5677
13 324.00 171570 702633848
13 325.03 172636 707000184
[*] FILE READER MISSED DEADLINE! -1506
13 326.07 173420 710209501
13 327.17 174065 712851421
13 328.31 174514 714690525
13 329.31 175962 720621533
[*] FILE READER MISSED DEADLINE! -2702
13 330.33 178727 731945026
[*] FILE READER MISSED DEADLINE! -113
13 331.34 180698 740016295
13 332.36 182159 746000551
[*] FILE READER MISSED DEADLINE! -864
13 333.38 183053 749660428
13 334.49 183662 752154892
13 335.59 183986 753481996
13 336.59 186017 761799025
[*] FILE READER MISSED DEADLINE! -2943
13 337.59 188438 771713494
[*] FILE READER MISSED DEADLINE! -114
13 338.62 190630 780691926
[*] FILE READER MISSED DEADLINE! -454
13 339.69 192145 786895419
13 340.77 193035 790540859
13 341.82 193815 793735739
13 342.94 194447 796322464
[*] FILE READER MISSED DEADLINE! -2770
13 344.06 194950 798382752
13 345.11 195450 800430752
13 346.14 195888 802224800
13 347.30 196328 804027040
13 348.42 196704 805567136
13 349.48 197089 807144096
[*] FILE READER MISSED DEADLINE! -6135
13 350.49 197731 809771781
13 351.49 199113 815432453
[*] FILE READER MISSED DEADLINE! -1062
13 352.49 201318 824462186
13 353.53 203139 831921002
[*] FILE READER MISSED DEADLINE! -663
13 354.56 204666 838173647
13 355.60 205868 843097039
[*] FILE READER MISSED DEADLINE! -1552
13 356.66 206948 847518772
13 357.72 207833 851143732
13 358.80 208398 853457972
13 359.92 208992 855890996
13 360.93 209626 858485913
[*] FILE READER MISSED DEADLINE! -3520
13 361.96 211262 865186969
13 362.97 212259 869270681
[*] FILE READER MISSED DEADLINE! -1546
13 364.12 212871 871775486
13 365.19 213248 873319678
13 366.19 213686 875113726
13 367.24 214252 877432062
13 368.29 214632 878988542
13 369.33 215495 882523390
[*] FILE READER MISSED DEADLINE! -5035
13 370.38 216466 886498659
13 371.41 217266 889775459
13 372.47 217773 891852131
13 373.64 218216 893666659
13 374.73 218529 894948707
[*] FILE READER MISSED DEADLINE! -4453
13 375.73 219426 898620872
13 376.81 220251 902000072
13 377.91 221035 905211336
13 379.00 221627 907636168
[*] FILE READER MISSED DEADLINE! -3260
13 380.02 222005 909182509
13 381.21 222319 910468653
13 382.26 223078 913577517
13 383.35 223969 917227053
13 384.35 224731 920348205
[*] FILE READER MISSED DEADLINE! -4111
13 385.45 225363 922934930
13 386.47 225868 925003410
13 387.55 226309 926809746
13 388.68 226746 928599698
13 389.86 227184 930393746
13 390.96 227560 931933842
[*] FILE READER MISSED DEADLINE! -5751
13 391.99 228919 937498359
13 393.00 229980 941844215
13 394.12 230665 944649975
[*] FILE READER MISSED DEADLINE! -2263
13 395.13 231176 946741084
13 396.22 231743 949063516
13 397.27 232181 950857564
13 398.40 232557 952397660
13 399.57 233002 954220380
13 400.79 233379 955764572
13 401.83 233692 957046620
[*] FILE READER MISSED DEADLINE! -7076
13 403.03 234007 958334913
13 404.17 234322 959625153
13 405.17 236161 967157697
[*] FILE READER MISSED DEADLINE! -1870
13 406.19 238143 975274022
13 407.21 239580 981159974
[*] FILE READER MISSED DEADLINE! -1094
13 408.22 240454 984737931
13 409.29 241315 988264587
13 410.35 242028 991185035
13 411.39 242542 993290379
13 412.42 242854 994568331
[*] FILE READER MISSED DEADLINE! -4179
13 413.47 243171 995864816
13 414.51 243547 997404912
13 415.52 244056 999489776
13 416.63 244696 1002111216
13 417.68 245224 1004273904
13 418.71 245788 1006584048
[*] FILE READER MISSED DEADLINE! -5142
13 419.80 246624 1010006357
13 420.93 247274 1012668757
13 421.97 247995 1015621973
[*] FILE READER MISSED DEADLINE! -2628
13 423.00 249561 1022034362
13 424.04 250936 1027666362
13 425.05 252363 1033509407
[*] FILE READER MISSED DEADLINE! -1129
13 426.13 253366 1037617695
13 427.19 253892 1039772191
13 428.21 255025 1044412959
[*] FILE READER MISSED DEADLINE! -2414
13 429.25 256415 1050104452
13 430.37 257185 1053258372
13 431.38 257635 1055101572
13 432.38 258273 1057712873
[*] FILE READER MISSED DEADLINE! -3009
13 433.39 258858 1060109033
13 434.42 259315 1061980905
13 435.42 259764 1063820009
13 436.43 260359 1066257129
13 437.44 260944 1068653289
[*] FILE READER MISSED DEADLINE! -4620
13 438.45 261729 1071866702
13 439.52 262711 1075888974
13 440.56 263537 1079272270
13 441.66 264236 1082135374
[*] FILE READER MISSED DEADLINE! -2786
13 442.68 264679 1083947955
13 443.83 265055 1085488051
13 444.93 265437 1087052723
13 445.96 265752 1088342963
13 446.98 266330 1090710451
[*] FILE READER MISSED DEADLINE! -4878
13 447.99 267628 1096025112
13 449.03 268536 1099744280
13 450.05 268977 1101550616
13 451.06 269553 1103909912
13 452.10 270118 1106224152
[*] FILE READER MISSED DEADLINE! -3911
13 453.21 270623 1108290685
13 454.26 271201 1110658173
13 455.31 271769 1112984701
13 456.36 272338 1115315325
13 457.38 272778 1117117565
[*] FILE READER MISSED DEADLINE! -4252
13 458.46 273864 1121563874
13 459.54 274652 1124791522
13 460.61 275507 1128293602
13 461.64 276686 1133120839
[*] FILE READER MISSED DEADLINE! -2460
13 462.66 278561 1140800839
[*] FILE READER MISSED DEADLINE! -697
13 463.68 280279 1147835820
13 464.70 281413 1152480684
13 465.75 282054 1155106220
13 466.75 282558 1157168657
[*] FILE READER MISSED DEADLINE! -2512
13 467.78 283317 1160277521
13 468.79 284505 1165143569
2 471.15 5 881
13 469.79 287014 1175418486
[*] Statistic for 15: reader (UncompressedFileReader)
[*] Processed 100 of 100 (100%) images
[*]  - Total time      : 469117 ms.
[*]  - Processing time : 25672 ms.
[*]  - Idle time       : 443445 ms. (94%)
[*]  - Avg. proc. time : 256 ms/image.
[*]
[*]  - Data in         : 1.16 GB
[*]  - Data out        : 1.16 GB
[*]
[*] - Avg. size in    : 11.87 MB/image.
[*] - Avg. size out   : 11.87 MB/image.
[*]  - Overall rate in : 21.22 MBit/sec.
[*]  - Overall rate out: 21.22 MBit/sec.
[*]  - Proc. rate in   : 387.71 MBit/sec.
[*]  - Proc. rate out  : 387.71 MBit/sec.
[*]  - Done : true
[*] Queue: reader[15]->color[15]
[*]   len: 5
[*]   put: 100
[*] block: 94
[*]  time: 438736
[*]   get: 95
[*] block: 1
[*]  time: 319
[*] reader is done ?
13 470.81 288759 1182564059
13 471.84 289745 1186602715
13 472.85 291371 1193262811
13 473.87 293976 1203930944
13 474.96 295165 1208799141
13 476.04 295811 1211445157
13 477.04 296327 1213558693
13 478.07 298663 1223125002
13 479.08 300532 1230780426
13 480.12 301881 1236303983
13 481.15 303046 1241075823
[*] Ibis WRITER took 481874 send 481553 get 320 bytes 1244170152 2.463972022189998 2.4623306490942864
2 483.84 6 898
